1.800 6.000000000000e-02
1.810 5.986471261834e-02
1.820 5.972787654001e-02
1.830 5.958949176501e-02
1.840 5.944955829335e-02
1.850 5.930807612502e-02
1.860 5.916504526002e-02
1.870 5.902046569835e-02
1.880 5.887433744002e-02
1.890 5.872666048502e-02
1.900 5.857743483335e-02
1.910 5.842666048502e-02
1.920 5.827433744002e-02
1.930 5.812046569835e-02
1.940 5.796504526002e-02
1.950 5.780807612502e-02
1.960 5.764955829335e-02
1.970 5.748949176501e-02
1.980 5.732787654001e-02
1.990 5.716471261834e-02
2.000 5.700000000000e-02
2.010 5.683373868500e-02
2.020 5.666592867332e-02
2.030 5.649656996499e-02
2.040 5.632566255998e-02
2.050 5.615320645831e-02
2.060 5.597920165997e-02
2.070 5.580364816496e-02
2.080 5.562654597328e-02
2.090 5.544789508494e-02
2.100 5.526769549994e-02
2.110 5.508594721826e-02
2.120 5.490265023992e-02
2.130 5.471780456491e-02
2.140 5.453141019323e-02
2.150 5.434346712489e-02
2.160 5.415397535988e-02
2.170 5.396293489820e-02
2.180 5.377034573985e-02
2.190 5.357620788484e-02
2.200 5.338052133316e-02
2.210 5.318328608481e-02
2.220 5.298450213980e-02
2.230 5.278416949812e-02
2.240 5.258228815977e-02
2.250 5.237885812476e-02
2.260 5.216941574374e-02
2.270 5.194949736740e-02
2.280 5.171910299572e-02
2.290 5.147823262871e-02
2.300 5.122688626637e-02
2.310 5.096506390870e-02
2.320 5.069276555570e-02
2.330 5.040999120737e-02
2.340 5.011674086370e-02
2.350 4.981301452470e-02
2.360 4.949881219038e-02
2.370 4.917413386072e-02
2.380 4.883897953573e-02
2.390 4.849334921541e-02
2.400 4.813724289975e-02
2.410 4.777066058877e-02
2.420 4.739360228245e-02
2.430 4.700606798081e-02
2.440 4.660805768383e-02
2.450 4.619957139152e-02
2.460 4.578060910388e-02
2.470 4.535117082091e-02
2.480 4.491125654260e-02
2.490 4.446086626897e-02
2.500 4.400000000000e-02
2.510 4.352865773570e-02
2.520 4.304683947607e-02
2.530 4.255454522111e-02
2.540 4.205177497082e-02
2.550 4.153852872520e-02
2.560 4.101480648424e-02
2.570 4.048060824796e-02
2.580 3.993593401634e-02
2.590 3.938078378939e-02
2.600 3.881515756711e-02
2.610 3.823905534950e-02
2.620 3.765247713656e-02
2.630 3.705542292828e-02
2.640 3.644789272468e-02
2.650 3.582988652574e-02
2.660 3.520140433147e-02
2.670 3.456244614188e-02
2.680 3.391301195694e-02
2.690 3.325310177668e-02
2.700 3.258271560109e-02
2.710 3.190185343016e-02
2.720 3.121051526391e-02
2.730 3.050870110232e-02
2.740 2.979641094540e-02
2.750 2.907364479315e-02
2.760 2.835224297756e-02
2.770 2.764404583063e-02
2.780 2.694905335235e-02
2.790 2.626726554273e-02
2.800 2.559868240176e-02
2.810 2.494330392945e-02
2.820 2.430113012579e-02
2.830 2.367216099079e-02
2.840 2.305639652445e-02
2.850 2.245383672675e-02
2.860 2.186448159772e-02
2.870 2.128833113734e-02
2.880 2.072538534561e-02
2.890 2.017564422254e-02
2.900 1.963910776812e-02
2.910 1.911577598236e-02
2.920 1.860564886526e-02
2.930 1.810872641681e-02
2.940 1.762500863701e-02
2.950 1.715449552587e-02
2.960 1.669718708339e-02
2.970 1.625308330956e-02
2.980 1.582218420438e-02
2.990 1.540448976786e-02
3.000 1.500000000000e-02
3.010 1.460871490079e-02
3.020 1.423063447024e-02
3.030 1.386575870834e-02
3.040 1.351408761510e-02
3.050 1.317562119051e-02
3.060 1.285035943457e-02
3.070 1.253830234730e-02
3.080 1.223944992867e-02
3.090 1.195380217871e-02
3.100 1.168135909739e-02
3.110 1.142212068474e-02
3.120 1.117608694073e-02
3.130 1.094325786539e-02
3.140 1.072363345870e-02
3.150 1.051721372066e-02
3.160 1.032399865128e-02
3.170 1.014398825055e-02
3.180 9.977182518480e-03
3.190 9.823581455064e-03
3.200 9.683185060303e-03
3.210 9.555993334198e-03
3.220 9.442006276747e-03
3.230 9.341223887952e-03
3.240 9.253646167812e-03
3.250 9.179273116327e-03
3.260 9.110726390870e-03
3.270 9.040627648813e-03
3.280 8.968976890157e-03
3.290 8.895774114901e-03
3.300 8.821019323045e-03
3.310 8.744712514590e-03
3.320 8.666853689534e-03
3.330 8.587442847880e-03
3.340 8.506479989625e-03
3.350 8.423965114771e-03
3.360 8.339898223317e-03
3.370 8.254279315264e-03
3.380 8.167108390611e-03
3.390 8.078385449358e-03
3.400 7.988110491506e-03
3.410 7.896283517054e-03
3.420 7.802904526002e-03
3.430 7.707973518350e-03
3.440 7.611490494099e-03
3.450 7.513455453249e-03
3.460 7.413868395798e-03
3.470 7.312729321748e-03
3.480 7.210038231098e-03
3.490 7.105795123849e-03
3.500 7.000000000000e-03
3.510 6.892652859551e-03
3.520 6.783753702503e-03
3.530 6.673302528855e-03
3.540 6.561299338607e-03
3.550 6.447744131760e-03
3.560 6.332636908313e-03
3.570 6.215977668266e-03
3.580 6.097766411620e-03
3.590 5.978003138374e-03
3.600 5.856687848528e-03
3.610 5.733820542083e-03
3.620 5.609401219038e-03
3.630 5.483429879393e-03
3.640 5.355906523149e-03
3.650 5.226831150305e-03
3.660 5.096203760861e-03
3.670 4.964024354818e-03
3.680 4.830292932175e-03
3.690 4.695009492932e-03
3.700 4.558174037090e-03
3.710 4.419786564648e-03
3.720 4.279847075606e-03
3.730 4.138355569965e-03
3.740 3.995312047724e-03
3.750 3.850716508883e-03
3.760 3.706598677214e-03
3.770 3.564988276488e-03
3.780 3.425885306705e-03
3.790 3.289289767864e-03
3.800 3.155201659966e-03
3.810 3.023620983011e-03
3.820 2.894547736999e-03
3.830 2.767981921930e-03
3.840 2.643923537803e-03
3.850 2.522372584619e-03
3.860 2.403329062378e-03
3.870 2.286792971080e-03
3.880 2.172764310725e-03
3.890 2.061243081312e-03
3.900 1.952229282843e-03
3.910 1.845722915316e-03
3.920 1.741723978732e-03
3.930 1.640232473090e-03
3.940 1.541248398392e-03
3.950 1.444771754636e-03
3.960 1.350802541823e-03
3.970 1.259340759953e-03
3.980 1.170386409026e-03
3.990 1.083939489042e-03
4.000 1.000000000000e-03
4.010 9.185679419012e-04
4.020 8.396433147452e-04
4.030 7.632261185320e-04
4.040 6.893163532616e-04
4.050 6.179140189340e-04
4.060 5.490191155492e-04
4.070 4.826316431072e-04
4.080 4.187516016081e-04
4.090 3.573789910517e-04
4.100 2.985138114382e-04
4.110 2.421560627675e-04
4.120 1.883057450395e-04
4.130 1.369628582544e-04
4.140 8.812740241213e-05
4.150 4.179937751263e-05
4.160 0.000000000000e+00
4.170 0.000000000000e+00
4.180 0.000000000000e+00
4.190 0.000000000000e+00
4.200 0.000000000000e+00
4.210 0.000000000000e+00
4.220 0.000000000000e+00
4.230 0.000000000000e+00
4.240 0.000000000000e+00
4.250 0.000000000000e+00
4.260 0.000000000000e+00
4.270 0.000000000000e+00
4.280 0.000000000000e+00
4.290 0.000000000000e+00
4.300 0.000000000000e+00
4.310 0.000000000000e+00
4.320 0.000000000000e+00
4.330 0.000000000000e+00
4.340 0.000000000000e+00
4.350 0.000000000000e+00
4.360 0.000000000000e+00
4.370 0.000000000000e+00
4.380 0.000000000000e+00
4.390 0.000000000000e+00
4.400 0.000000000000e+00
4.410 0.000000000000e+00
4.420 0.000000000000e+00
4.430 0.000000000000e+00
4.440 0.000000000000e+00
4.450 0.000000000000e+00
4.460 0.000000000000e+00
4.470 0.000000000000e+00
4.480 0.000000000000e+00
4.490 0.000000000000e+00
