0.01	24.3123
0.02	14.2316
0.03	10.3272
0.04	8.17625
0.05	6.99547
0.06	6.06875
0.07	5.43664
0.08	4.95263
0.09	4.60483
0.1	4.32
0.11	4.07003
0.12	3.83437
0.13	3.64646
0.14	3.51359
0.15	3.38851
0.16	3.26994
0.17	3.15178
0.18	3.03957
0.19	2.93612
0.2	2.84466
0.21	2.77745
0.22	2.71812
0.23	2.66064
0.24	2.606
0.25	2.55464
0.26	2.50633
0.27	2.46191
0.28	2.41833
0.29	2.37662
0.3	2.33587
0.31	2.29702
0.32	2.26329
0.33	2.238
0.34	2.21348
0.35	2.19089
0.36	2.16851
0.37	2.14914
0.38	2.12977
0.39	2.1109
0.4	2.09226
0.41	2.07368
0.42	2.0554
0.43	2.03712
0.44	2.01969
0.45	2.00323
0.46	1.98678
0.47	1.97138
0.48	1.95672
0.49	1.94207
0.5	1.92932
0.51	1.91834
0.52	1.90737
0.53	1.8968
0.54	1.88745
0.55	1.8781
0.56	1.86875
0.57	1.8603
0.58	1.85212
0.59	1.84394
0.6	1.83578
0.61	1.82793
0.62	1.82009
0.63	1.81225
0.64	1.80455
0.65	1.79828
0.66	1.79201
0.67	1.78574
0.68	1.77947
0.69	1.77403
0.7	1.76872
0.71	1.7634
0.72	1.75809
0.73	1.75305
0.74	1.74848
0.75	1.74391
0.76	1.73933
0.77	1.73476
0.78	1.7307
0.79	1.727
0.8	1.72331
0.81	1.71961
0.82	1.71592
0.83	1.71246
0.84	1.70927
0.85	1.70608
0.86	1.7029
0.87	1.69971
0.88	1.69653
0.89	1.69385
0.9	1.69116
0.91	1.68848
0.92	1.6858
0.93	1.68311
0.94	1.68049
0.95	1.67814
0.96	1.67578
0.97	1.67343
0.98	1.67107
0.99	1.66872
1	1.66636
1.01	1.66421
1.02	1.66206
1.03	1.65991
1.04	1.65776
1.05	1.65561
1.06	1.65346
1.07	1.65135
1.08	1.6493
1.09	1.64725
1.1	1.6452
1.11	1.64315
1.12	1.6411
1.13	1.63905
1.14	1.63704
1.15	1.63508
1.16	1.63313
1.17	1.63118
1.18	1.62922
1.19	1.62727
1.2	1.62531
1.21	1.62336
1.22	1.62195
1.23	1.62064
1.24	1.61933
1.25	1.61802
1.26	1.61671
1.27	1.6154
1.28	1.61409
1.29	1.61278
1.3	1.61209
1.31	1.6115
1.32	1.61092
1.33	1.61033
1.34	1.60975
1.35	1.60916
1.36	1.60857
1.37	1.60799
1.38	1.60741
1.39	1.60686
1.4	1.60631
1.41	1.60576
1.42	1.60521
1.43	1.60466
1.44	1.60411
1.45	1.60356
1.46	1.60301
1.47	1.60244
1.48	1.60179
1.49	1.60114
1.5	1.60049
1.51	1.59984
1.52	1.59919
1.53	1.59854
1.54	1.59789
1.55	1.59724
1.56	1.59659
1.57	1.59592
1.58	1.59523
1.59	1.59455
1.6	1.59386
1.61	1.59318
1.62	1.5925
1.63	1.59181
1.64	1.59113
1.65	1.59044
1.66	1.58976
1.67	1.58909
1.68	1.58847
1.69	1.58786
1.7	1.58725
1.71	1.58663
1.72	1.58602
1.73	1.58541
1.74	1.58479
1.75	1.58418
1.76	1.58357
1.77	1.58295
1.78	1.58236
1.79	1.5819
1.8	1.58144
1.81	1.58097
1.82	1.58051
1.83	1.58005
1.84	1.57958
1.85	1.57912
1.86	1.57865
1.87	1.57819
1.88	1.57773
1.89	1.57726
1.9	1.57684
1.91	1.57647
1.92	1.57611
1.93	1.57574
1.94	1.57538
1.95	1.57501
1.96	1.57465
1.97	1.57428
1.98	1.57392
1.99	1.57355
2	1.57319
2.01	1.57282
2.02	1.57245
2.03	1.57234
2.04	1.57225
2.05	1.57217
2.06	1.57208
2.07	1.57199
2.08	1.5719
2.09	1.57182
2.1	1.57173
2.11	1.57164
2.12	1.57156
2.13	1.57147
2.14	1.57138
2.15	1.57129
2.16	1.57121
2.17	1.57112
2.18	1.57103
2.19	1.57094
2.2	1.57085
2.21	1.57076
2.22	1.57067
2.23	1.57058
2.24	1.5705
2.25	1.57041
2.26	1.57032
2.27	1.57023
2.28	1.57014
2.29	1.57005
2.3	1.56996
2.31	1.56987
2.32	1.56978
2.33	1.56969
2.34	1.5696
2.35	1.56951
2.36	1.56942
2.37	1.56933
2.38	1.56924
2.39	1.56915
2.4	1.56906
2.41	1.56897
2.42	1.56888
2.43	1.56879
2.44	1.5687
2.45	1.56862
2.46	1.5686
2.47	1.56858
2.48	1.56855
2.49	1.56853
2.5	1.5685
2.51	1.56848
2.52	1.56846
2.53	1.56843
2.54	1.56841
2.55	1.56838
2.56	1.56836
2.57	1.56834
2.58	1.56831
2.59	1.56829
2.6	1.56827
2.61	1.56824
2.62	1.56825
2.63	1.56825
2.64	1.56826
2.65	1.56827
2.66	1.56827
2.67	1.56828
2.68	1.56829
2.69	1.56829
2.7	1.5683
2.71	1.56831
2.72	1.56831
2.73	1.56832
2.74	1.56833
2.75	1.56833
2.76	1.56834
2.77	1.56835
2.78	1.56835
2.79	1.56836
2.8	1.56836
2.81	1.56837
2.82	1.56838
2.83	1.56838
2.84	1.56839
2.85	1.56839
2.86	1.5684
2.87	1.5684
2.88	1.56841
2.89	1.56841
2.9	1.56842
2.91	1.56843
2.92	1.56843
2.93	1.56844
2.94	1.56844
2.95	1.56845
2.96	1.56845
2.97	1.56846
2.98	1.56845
2.99	1.56844
3	1.56843
3.01	1.56842
3.02	1.56841
3.03	1.5684
3.04	1.5684
3.05	1.56839
3.06	1.56838
3.07	1.56837
3.08	1.56836
3.09	1.56835
3.1	1.56834
3.11	1.56834
3.12	1.56833
3.13	1.56832
3.14	1.56831
3.15	1.5683
3.16	1.56829
3.17	1.56834
3.18	1.56841
3.19	1.56848
3.2	1.56855
3.21	1.56862
3.22	1.56868
3.23	1.56875
3.24	1.56882
3.25	1.56889
3.26	1.56896
3.27	1.56902
3.28	1.56909
3.29	1.56916
3.3	1.56923
3.31	1.5693
3.32	1.56937
3.33	1.56943
3.34	1.5695
3.35	1.56957
3.36	1.56964
3.37	1.56971
3.38	1.56978
3.39	1.56985
3.4	1.56992
3.41	1.56999
3.42	1.57006
3.43	1.57013
3.44	1.57021
3.45	1.57028
3.46	1.57035
3.47	1.57042
3.48	1.57049
3.49	1.57056
3.5	1.57063
3.51	1.57071
3.52	1.57078
3.53	1.57085
3.54	1.57092
3.55	1.57099
3.56	1.57106
3.57	1.57113
3.58	1.57121
3.59	1.57128
3.6	1.57135
3.61	1.57143
3.62	1.57151
3.63	1.57159
3.64	1.57167
3.65	1.57175
3.66	1.57183
3.67	1.57191
3.68	1.57199
3.69	1.57206
3.7	1.57214
3.71	1.57222
3.72	1.5723
3.73	1.57238
3.74	1.57246
3.75	1.57254
3.76	1.57262
3.77	1.5727
3.78	1.57278
3.79	1.57285
3.8	1.57293
3.81	1.57301
3.82	1.57309
3.83	1.57317
3.84	1.57324
3.85	1.57332
3.86	1.57339
3.87	1.57347
3.88	1.57354
3.89	1.57362
3.9	1.57369
3.91	1.57376
3.92	1.57384
3.93	1.57391
3.94	1.57399
3.95	1.57406
3.96	1.57413
3.97	1.57421
3.98	1.57428
3.99	1.57436
4	1.57443
4.01	1.57451
4.02	1.57458
4.03	1.57465
4.04	1.57473
4.05	1.5748
4.06	1.57488
4.07	1.57495
4.08	1.57503
4.09	1.5751
4.1	1.57517
4.11	1.57523
4.12	1.5753
4.13	1.57537
4.14	1.57544
4.15	1.57551
4.16	1.57558
4.17	1.57565
4.18	1.57572
4.19	1.57579
4.2	1.57586
4.21	1.57593
4.22	1.57599
4.23	1.57606
4.24	1.57613
4.25	1.5762
4.26	1.57627
4.27	1.57634
4.28	1.57641
4.29	1.57648
4.3	1.57655
4.31	1.57662
4.32	1.57668
4.33	1.57675
4.34	1.57682
4.35	1.57689
4.36	1.57696
4.37	1.57703
4.38	1.5771
4.39	1.57717
4.4	1.57723
4.41	1.5773
4.42	1.57737
4.43	1.57744
4.44	1.57751
4.45	1.57757
4.46	1.57764
4.47	1.57771
4.48	1.57778
4.49	1.57785
4.5	1.57792
4.51	1.57798
4.52	1.57805
4.53	1.57812
4.54	1.57819
4.55	1.57826
4.56	1.57833
4.57	1.57839
4.58	1.57846
4.59	1.57853
4.6	1.5786
4.61	1.57867
4.62	1.57874
4.63	1.5788
4.64	1.57887
4.65	1.57894
4.66	1.57901
4.67	1.57908
4.68	1.57914
4.69	1.57921
4.7	1.57928
4.71	1.57935
4.72	1.57942
4.73	1.57948
4.74	1.57955
4.75	1.57962
4.76	1.57969
4.77	1.57976
4.78	1.57982
4.79	1.57989
4.8	1.57996
4.81	1.58003
4.82	1.5801
4.83	1.58016
4.84	1.58023
4.85	1.5803
4.86	1.58037
4.87	1.58044
4.88	1.5805
4.89	1.58057
4.9	1.58064
4.91	1.58071
4.92	1.58078
4.93	1.58084
4.94	1.58091
4.95	1.58098
4.96	1.58105
4.97	1.58112
4.98	1.58119
4.99	1.58126
5	1.58133
5.01	1.5814
5.02	1.58147
5.03	1.58154
5.04	1.58161
5.05	1.58168
5.06	1.58175
5.07	1.58182
5.08	1.58189
5.09	1.58196
5.1	1.58203
5.11	1.5821
5.12	1.58217
5.13	1.58224
5.14	1.58231
5.15	1.58238
5.16	1.58245
5.17	1.58252
5.18	1.58259
5.19	1.58266
5.2	1.58274
5.21	1.58281
5.22	1.58288
5.23	1.58295
5.24	1.58302
5.25	1.58309
5.26	1.58316
5.27	1.58323
5.28	1.5833
5.29	1.58336
5.3	1.58343
5.31	1.5835
5.32	1.58357
5.33	1.58364
5.34	1.58371
5.35	1.58378
5.36	1.58385
5.37	1.58391
5.38	1.58398
5.39	1.58405
5.4	1.58412
5.41	1.58419
5.42	1.58426
5.43	1.58433
5.44	1.5844
5.45	1.58446
5.46	1.58453
5.47	1.5846
5.48	1.58467
5.49	1.58474
5.5	1.58481
5.51	1.58488
5.52	1.58495
5.53	1.58501
5.54	1.58508
5.55	1.58515
5.56	1.58522
5.57	1.58529
5.58	1.58536
5.59	1.58543
5.6	1.5855
5.61	1.58556
5.62	1.58563
5.63	1.5857
5.64	1.58577
5.65	1.58584
5.66	1.5859
5.67	1.58597
5.68	1.58604
5.69	1.58611
5.7	1.58617
5.71	1.58624
5.72	1.58631
5.73	1.58637
5.74	1.58644
5.75	1.58651
5.76	1.58658
5.77	1.58664
5.78	1.58671
5.79	1.58678
5.8	1.58685
5.81	1.58691
5.82	1.58698
5.83	1.58705
5.84	1.58712
5.85	1.58718
5.86	1.58725
5.87	1.58732
5.88	1.58739
5.89	1.58745
5.9	1.58752
5.91	1.58759
5.92	1.58765
5.93	1.58772
5.94	1.58779
5.95	1.58786
5.96	1.58792
5.97	1.58799
5.98	1.58806
5.99	1.58813
6	1.58819
6.01	1.58825
6.02	1.58831
6.03	1.58838
6.04	1.58844
6.05	1.5885
6.06	1.58856
6.07	1.58862
6.08	1.58868
6.09	1.58875
6.1	1.58881
6.11	1.58887
6.12	1.58893
6.13	1.58899
6.14	1.58906
6.15	1.58912
6.16	1.58918
6.17	1.58924
6.18	1.5893
6.19	1.58936
6.2	1.58943
6.21	1.58949
6.22	1.58955
6.23	1.58961
6.24	1.58967
6.25	1.58973
6.26	1.5898
6.27	1.58986
6.28	1.58992
6.29	1.58998
6.3	1.59004
6.31	1.5901
6.32	1.59017
6.33	1.59023
6.34	1.59029
6.35	1.59035
6.36	1.59041
6.37	1.59047
6.38	1.59054
6.39	1.5906
6.4	1.59065
6.41	1.5907
6.42	1.59076
6.43	1.59081
6.44	1.59086
6.45	1.59091
6.46	1.59097
6.47	1.59102
6.48	1.59107
6.49	1.59113
6.5	1.59118
6.51	1.59123
6.52	1.59128
6.53	1.59134
6.54	1.59139
6.55	1.59144
6.56	1.59149
6.57	1.59155
6.58	1.5916
6.59	1.59165
6.6	1.5917
6.61	1.59176
6.62	1.59181
6.63	1.59186
6.64	1.59191
6.65	1.59197
6.66	1.59202
6.67	1.59207
6.68	1.59212
6.69	1.59218
6.7	1.59223
6.71	1.59228
6.72	1.59234
6.73	1.59239
6.74	1.59244
6.75	1.59249
6.76	1.59255
6.77	1.5926
6.78	1.59265
6.79	1.5927
6.8	1.59276
6.81	1.59281
6.82	1.59286
6.83	1.59291
6.84	1.59296
6.85	1.59301
6.86	1.59306
6.87	1.59311
6.88	1.59316
6.89	1.59321
6.9	1.59326
6.91	1.59331
6.92	1.59336
6.93	1.59341
6.94	1.59346
6.95	1.59351
6.96	1.59356
6.97	1.59361
6.98	1.59366
6.99	1.59371
7	1.59376
7.01	1.59381
7.02	1.59386
7.03	1.59391
7.04	1.59395
7.05	1.594
7.06	1.59405
7.07	1.5941
7.08	1.59415
7.09	1.5942
7.1	1.59425
7.11	1.5943
7.12	1.59435
7.13	1.5944
7.14	1.59445
7.15	1.5945
7.16	1.59455
7.17	1.5946
7.18	1.59465
7.19	1.5947
7.2	1.59475
7.21	1.5948
7.22	1.59485
7.23	1.5949
7.24	1.59495
7.25	1.595
7.26	1.59505
7.27	1.5951
7.28	1.59515
7.29	1.59519
7.3	1.59524
7.31	1.59529
7.32	1.59533
7.33	1.59538
7.34	1.59543
7.35	1.59547
7.36	1.59552
7.37	1.59557
7.38	1.59562
7.39	1.59566
7.4	1.59571
7.41	1.59576
7.42	1.5958
7.43	1.59585
7.44	1.5959
7.45	1.59594
7.46	1.59599
7.47	1.59604
7.48	1.59609
7.49	1.59613
7.5	1.59618
7.51	1.59623
7.52	1.59627
7.53	1.59632
7.54	1.59637
7.55	1.59641
7.56	1.59646
7.57	1.59651
7.58	1.59656
7.59	1.5966
7.6	1.59665
7.61	1.5967
7.62	1.59674
7.63	1.59679
7.64	1.59684
7.65	1.59688
7.66	1.59693
7.67	1.59698
7.68	1.59703
7.69	1.59707
7.7	1.59712
7.71	1.59717
7.72	1.59721
7.73	1.59726
7.74	1.59731
7.75	1.59735
7.76	1.59738
7.77	1.59742
7.78	1.59746
7.79	1.59749
7.8	1.59753
7.81	1.59757
7.82	1.5976
7.83	1.59764
7.84	1.59768
7.85	1.59771
7.86	1.59775
7.87	1.59779
7.88	1.59782
7.89	1.59786
7.9	1.5979
7.91	1.59793
7.92	1.59797
7.93	1.59801
7.94	1.59804
7.95	1.59808
7.96	1.59812
7.97	1.59815
7.98	1.59819
7.99	1.59823
8	1.59826
8.01	1.5983
8.02	1.59834
8.03	1.59837
8.04	1.59841
8.05	1.59845
8.06	1.59848
8.07	1.59852
8.08	1.59856
8.09	1.59859
8.1	1.59863
8.11	1.59867
8.12	1.5987
8.13	1.59874
8.14	1.59878
8.15	1.59881
8.16	1.59885
8.17	1.59889
8.18	1.59892
8.19	1.59896
8.2	1.599
8.21	1.59903
8.22	1.59907
8.23	1.59911
8.24	1.59914
8.25	1.59918
8.26	1.59921
8.27	1.59924
8.28	1.59927
8.29	1.5993
8.3	1.59933
8.31	1.59936
8.32	1.59939
8.33	1.59942
8.34	1.59945
8.35	1.59948
8.36	1.59951
8.37	1.59954
8.38	1.59957
8.39	1.5996
8.4	1.59963
8.41	1.59966
8.42	1.5997
8.43	1.59973
8.44	1.59976
8.45	1.59979
8.46	1.59982
8.47	1.59985
8.48	1.59988
8.49	1.59991
8.5	1.59994
8.51	1.59997
8.52	1.6
8.53	1.60003
8.54	1.60006
8.55	1.60009
8.56	1.60012
8.57	1.60015
8.58	1.60018
8.59	1.60021
8.6	1.60024
8.61	1.60027
8.62	1.6003
8.63	1.60033
8.64	1.60036
8.65	1.60039
8.66	1.60042
8.67	1.60045
8.68	1.60048
8.69	1.60051
8.7	1.60054
8.71	1.60057
8.72	1.6006
8.73	1.60063
8.74	1.60066
8.75	1.60069
8.76	1.60072
8.77	1.60075
8.78	1.60078
8.79	1.60081
8.8	1.60084
8.81	1.60087
8.82	1.6009
8.83	1.60093
8.84	1.60096
8.85	1.601
8.86	1.60103
8.87	1.60106
8.88	1.60109
8.89	1.60112
8.9	1.60115
8.91	1.60118
8.92	1.60121
8.93	1.60125
8.94	1.60128
8.95	1.60131
8.96	1.60134
8.97	1.60137
8.98	1.6014
8.99	1.60143
9	1.60146
9.01	1.6015
9.02	1.60153
9.03	1.60156
9.04	1.60159
9.05	1.60162
9.06	1.60165
9.07	1.60168
9.08	1.60171
9.09	1.60175
9.1	1.60178
9.11	1.60181
9.12	1.60184
9.13	1.60187
9.14	1.6019
9.15	1.60193
9.16	1.60196
9.17	1.602
9.18	1.60203
9.19	1.60206
9.2	1.60209
9.21	1.60212
9.22	1.60215
9.23	1.60218
9.24	1.60221
9.25	1.60225
9.26	1.60228
9.27	1.60231
9.28	1.60234
9.29	1.60237
9.3	1.6024
9.31	1.60243
9.32	1.60246
9.33	1.60249
9.34	1.60253
9.35	1.60256
9.36	1.60259
9.37	1.60262
9.38	1.60265
9.39	1.60268
9.4	1.60271
9.41	1.60274
9.42	1.60277
9.43	1.6028
9.44	1.60284
9.45	1.60287
9.46	1.6029
9.47	1.60293
9.48	1.60296
9.49	1.60299
9.5	1.60302
9.51	1.60305
9.52	1.60308
9.53	1.60311
9.54	1.60314
9.55	1.60317
9.56	1.6032
9.57	1.60323
9.58	1.60327
9.59	1.6033
9.6	1.60333
9.61	1.60336
9.62	1.60339
9.63	1.60342
9.64	1.60345
9.65	1.60348
9.66	1.60351
9.67	1.60354
9.68	1.60357
9.69	1.6036
9.7	1.60363
9.71	1.60366
9.72	1.6037
9.73	1.60373
9.74	1.60376
9.75	1.60379
9.76	1.60382
9.77	1.60385
9.78	1.60388
9.79	1.60391
9.8	1.60394
9.81	1.60397
9.82	1.604
9.83	1.60403
9.84	1.60406
9.85	1.60409
9.86	1.60413
9.87	1.60416
9.88	1.60419
9.89	1.60422
9.9	1.60425
9.91	1.60428
9.92	1.60431
9.93	1.60434
9.94	1.60437
9.95	1.6044
9.96	1.60443
9.97	1.60446
9.98	1.60449
9.99	1.60452
10	1.60456
