2.0 1.3166 0.0127958593831 0.0 0.0172923371127 0.0 0.0 0.0 0.0 0.0 0.0 0.0 0.0 0.0
2.05 1.27362911557 0.0131435034816 0.0 0.017295427145 0.0 0.0 0.0 0.0 0.0 0.0 0.0 0.0 0.0
2.1 1.23206070487 0.0134911475802 0.0 0.0172985171773 0.0 0.0 0.0 0.0 0.0 0.0 0.0 0.0 0.0
2.15 1.19184899429 0.0138387916787 0.0 0.0173016072096 0.0 0.0 0.0 0.0 0.0 0.0 0.0 0.0 0.0
2.2 1.15294970415 0.0141864357772 0.0 0.0173046972419 0.0 0.0 0.0 0.0 0.0 0.0 0.0 0.0 0.0
2.25 1.11532 0.0145340798757 0.0 0.0173077872742 0.0 0.0 0.0 0.0 0.0 0.0 0.0 0.0 0.0
2.3 1.07195009771 0.014732970227 0.0 0.0173259543103 0.0 0.0 0.0 0.0 0.0 0.0 0.0 0.0 0.0
2.35 1.03026666067 0.0149318605784 0.0 0.0173441213464 0.0 0.0 0.0 0.0 0.0 0.0 0.0 0.0 0.0
2.4 0.990204109654 0.0151307509297 0.0 0.0173622883826 0.0 0.0 0.0 0.0 0.0 0.0 0.0 0.0 0.0
2.45 0.951699415503 0.0153296412811 0.0 0.0173804554187 0.0 0.0 0.0 0.0 0.0 0.0 0.0 0.0 0.0
2.5 0.914692 0.0155285316324 0.0 0.0173986224548 0.0 0.0 0.0 0.0 0.0 0.0 0.0 0.0 0.0
2.55 0.883773210832 0.0154210452836 0.0 0.0174364903894 0.0 0.0 0.0 0.0 0.0 0.0 0.0 0.0 0.0
2.6 0.853899551089 0.0153135589347 0.0 0.0174743583241 0.0 0.0 0.0 0.0 0.0 0.0 0.0 0.0 0.0
2.65 0.825035692882 0.0152060725859 0.0 0.0175122262588 0.0 0.0 0.0 0.0 0.0 0.0 0.0 0.0 0.0
2.7 0.797147502492 0.015098586237 0.0 0.0175500941934 0.0 0.0 0.0 0.0 0.0 0.0 0.0 0.0 0.0
2.75 0.770202 0.0149910998882 0.0 0.0175879621281 0.0 0.0 0.0 0.0 0.0 0.0 0.0 0.0 0.0
2.8 0.744618762193 0.0152344795527 0.0 0.0176471377035 0.0 0.0 0.0 0.0 0.0 0.0 0.0 0.0 0.0
2.85 0.719885304127 0.0154778592172 0.0 0.0177063132788 0.0 0.0 0.0 0.0 0.0 0.0 0.0 0.0 0.0
2.9 0.69597339929 0.0157212388817 0.0 0.0177654888542 0.0 0.0 0.0 0.0 0.0 0.0 0.0 0.0 0.0
2.95 0.672855758747 0.0159646185463 0.0 0.0178246644296 0.0 0.0 0.0 0.0 0.0 0.0 0.0 0.0 0.0
3.0 0.650506 0.0162079982108 0.0 0.017883840005 0.0 0.0 0.0 0.0 0.0 0.0 0.0 0.0 0.0
3.05 0.629810385785 0.0160986372706 0.0 0.017963213001 0.0 0.0 0.0 0.0 0.0 0.0 0.0 0.0 0.0
3.1 0.609773195087 0.0159892763304 0.0 0.0180425859969 0.0 0.0 0.0 0.0 0.0 0.0 0.0 0.0 0.0
3.15 0.590373480397 0.0158799153902 0.0 0.0181219589929 0.0 0.0 0.0 0.0 0.0 0.0 0.0 0.0 0.0
3.2 0.571590960646 0.01577055445 0.0 0.0182013319889 0.0 0.0 0.0 0.0 0.0 0.0 0.0 0.0 0.0
3.25 0.553406 0.0156611935098 0.0 0.0182807049849 0.0 0.0 0.0 0.0 0.0 0.0 0.0 0.0 0.0
3.3 0.531875164401 0.0158601169448 0.0 0.0183790201008 0.0 0.0 0.0 0.0 0.0 0.0 0.0 0.0 0.0
3.35 0.511182008338 0.0160590403798 0.0 0.0184773352166 0.0 0.0 0.0 0.0 0.0 0.0 0.0 0.0 0.0
3.4 0.491293941018 0.0162579638149 0.0 0.0185756503325 0.0 0.0 0.0 0.0 0.0 0.0 0.0 0.0 0.0
3.45 0.472179639628 0.0164568872499 0.0 0.0186739654484 0.0 0.0 0.0 0.0 0.0 0.0 0.0 0.0 0.0
3.5 0.453809 0.016655810685 0.0 0.0187722805642 0.0 0.0 0.0 0.0 0.0 0.0 0.0 0.0 0.0
3.55 0.434317654201 0.0167600603027 0.0 0.0188880580596 0.0 0.0 0.0 0.0 0.0 0.0 0.0 0.0 0.0
3.6 0.41566347241 0.0168643099203 0.0 0.019003835555 0.0 0.0 0.0 0.0 0.0 0.0 0.0 0.0 0.0
3.65 0.397810497972 0.016968559538 0.0 0.0191196130504 0.0 0.0 0.0 0.0 0.0 0.0 0.0 0.0 0.0
3.7 0.380724318592 0.0170728091557 0.0 0.0192353905458 0.0 0.0 0.0 0.0 0.0 0.0 0.0 0.0 0.0
3.75 0.364372 0.0171770587734 0.0 0.0193511680412 0.0 0.0 0.0 0.0 0.0 0.0 0.0 0.0 0.0
3.8 0.348962156202 0.01718738032 0.0 0.0194829280504 0.0 0.0 0.0 0.0 0.0 0.0 0.0 0.0 0.0
3.85 0.33420401804 0.0171977018666 0.0 0.0196146880596 0.0 0.0 0.0 0.0 0.0 0.0 0.0 0.0 0.0
3.9 0.320070023895 0.0172080234131 0.0 0.0197464480688 0.0 0.0 0.0 0.0 0.0 0.0 0.0 0.0 0.0
3.95 0.306533777772 0.0172183449597 0.0 0.019878208078 0.0 0.0 0.0 0.0 0.0 0.0 0.0 0.0 0.0
4.0 0.29357 0.0172286665063 0.0 0.0200099680872 0.0 0.0 0.0 0.0 0.0 0.0 0.0 0.0 0.0
4.05 0.279694743117 0.0179790236345 0.0 0.0201561495762 0.0 0.0 0.0 0.0 0.0 0.0 0.0 0.0 0.0
4.1 0.266475284692 0.0187293807628 0.0 0.0203023310653 0.0 0.0 0.0 0.0 0.0 0.0 0.0 0.0 0.0
4.15 0.253880629148 0.0194797378911 0.0 0.0204485125543 0.0 0.0 0.0 0.0 0.0 0.0 0.0 0.0 0.0
4.2 0.241881245876 0.0202300950193 0.0 0.0205946940433 0.0 0.0 0.0 0.0 0.0 0.0 0.0 0.0 0.0
4.25 0.230449 0.0209804521476 0.0 0.0207408755324 0.0 0.0 0.0 0.0 0.0 0.0 0.0 0.0 0.0
4.3 0.219188646924 0.0220636279672 0.0 0.0209000574966 0.0 0.0 0.0 0.0 0.0 0.0 0.0 0.0 0.0
4.35 0.208478504747 0.0231468037869 0.0 0.0210592394609 0.0 0.0 0.0 0.0 0.0 0.0 0.0 0.0 0.0
4.4 0.198291688696 0.0242299796066 0.0 0.0212184214252 0.0 0.0 0.0 0.0 0.0 0.0 0.0 0.0 0.0
4.45 0.188602627659 0.0253131554262 0.0 0.0213776033894 0.0 0.0 0.0 0.0 0.0 0.0 0.0 0.0 0.0
4.5 0.179387 0.0263963312459 0.0 0.0215367853537 0.0 0.0 0.0 0.0 0.0 0.0 0.0 0.0 0.0
4.55 0.17015774662 0.026493467874 0.0 0.0217075296551 0.0 0.0 0.0 0.0 0.0 0.0 0.0 0.0 0.0
4.6 0.161403327637 0.0265906045022 0.0 0.0218782739566 0.0 0.0 0.0 0.0 0.0 0.0 0.0 0.0 0.0
4.65 0.153099313371 0.0266877411303 0.0 0.022049018258 0.0 0.0 0.0 0.0 0.0 0.0 0.0 0.0 0.0
4.7 0.145222531021 0.0267848777585 0.0 0.0222197625595 0.0 0.0 0.0 0.0 0.0 0.0 0.0 0.0 0.0
4.75 0.137751 0.0268820143866 0.0 0.0223905068609 0.0 0.0 0.0 0.0 0.0 0.0 0.0 0.0 0.0
4.8 0.13166555838 0.0266226878439 0.0 0.0225715949754 0.0 0.0 0.0 0.0 0.0 0.0 0.0 0.0 0.0
4.85 0.125848954008 0.0263633613012 0.0 0.0227526830898 0.0 0.0 0.0 0.0 0.0 0.0 0.0 0.0 0.0
4.9 0.12028931043 0.0261040347586 0.0 0.0229337712043 0.0 0.0 0.0 0.0 0.0 0.0 0.0 0.0 0.0
4.95 0.11497527586 0.0258447082159 0.0 0.0231148593187 0.0 0.0 0.0 0.0 0.0 0.0 0.0 0.0 0.0
5.0 0.109896 0.0255853816732 0.0 0.0232959474332 0.0 0.0 0.0 0.0 0.0 0.0 0.0 0.0 0.0
5.05 0.104743274958 0.0248628496162 0.0 0.0234861678902 0.0 0.0 0.0 0.0 0.0 0.0 0.0 0.0 0.0
5.1 0.0998321472025 0.0241403175592 0.0 0.0236763883473 0.0 0.0 0.0 0.0 0.0 0.0 0.0 0.0 0.0
5.15 0.0951512888922 0.0234177855022 0.0 0.0238666088044 0.0 0.0 0.0 0.0 0.0 0.0 0.0 0.0 0.0
5.2 0.0906899033183 0.0226952534453 0.0 0.0240568292614 0.0 0.0 0.0 0.0 0.0 0.0 0.0 0.0 0.0
5.25 0.0864377 0.0219727213883 0.0 0.0242470497185 0.0 0.0 0.0 0.0 0.0 0.0 0.0 0.0 0.0
5.3 0.0815360147974 0.0224547362608 0.0 0.02444540947 0.0 0.0 0.0 0.0 0.0 0.0 0.0 0.0 0.0
5.35 0.0769122930047 0.0229367511332 0.0 0.0246437692215 0.0 0.0 0.0 0.0 0.0 0.0 0.0 0.0 0.0
5.4 0.0725507719494 0.0234187660057 0.0 0.0248421289731 0.0 0.0 0.0 0.0 0.0 0.0 0.0 0.0 0.0
5.45 0.0684365828248 0.0239007808782 0.0 0.0250404887246 0.0 0.0 0.0 0.0 0.0 0.0 0.0 0.0 0.0
5.5 0.0645557 0.0243827957507 0.0 0.0252388484761 0.0 0.0 0.0 0.0 0.0 0.0 0.0 0.0 0.0
5.55 0.0615714059471 0.0250624639495 0.0 0.0254444121437 0.0 0.0 0.0 0.0 0.0 0.0 0.0 0.0 0.0
5.6 0.0587250704478 0.0257421321484 0.0 0.0256499758114 0.0 0.0 0.0 0.0 0.0 0.0 0.0 0.0 0.0
5.65 0.0560103159259 0.0264218003472 0.0 0.025855539479 0.0 0.0 0.0 0.0 0.0 0.0 0.0 0.0 0.0
5.7 0.0534210596291 0.0271014685461 0.0 0.0260611031466 0.0 0.0 0.0 0.0 0.0 0.0 0.0 0.0 0.0
5.75 0.0509515 0.027781136745 0.0 0.0262666668142 0.0 0.0 0.0 0.0 0.0 0.0 0.0 0.0 0.0
5.8 0.0482839714213 0.0287223953883 0.0 0.0264786219045 0.0 0.0 0.0 0.0 0.0 0.0 0.0 0.0 0.0
5.85 0.0457560993536 0.0296636540316 0.0 0.0266905769948 0.0 0.0 0.0 0.0 0.0 0.0 0.0 0.0 0.0
5.9 0.0433605721822 0.0306049126749 0.0 0.0269025320851 0.0 0.0 0.0 0.0 0.0 0.0 0.0 0.0 0.0
5.95 0.0410904610867 0.0315461713182 0.0 0.0271144871754 0.0 0.0 0.0 0.0 0.0 0.0 0.0 0.0 0.0
6.0 0.0389392 0.0324874299615 0.0 0.0273264422657 0.0 0.0 0.0 0.0 0.0 0.0 0.0 0.0 0.0
6.05 0.0366350333358 0.0332409034229 0.0 0.027544075223 0.0 0.0 0.0 0.0 0.0 0.0 0.0 0.0 0.0
6.1 0.0344672121541 0.0339943768843 0.0 0.0277617081803 0.0 0.0 0.0 0.0 0.0 0.0 0.0 0.0 0.0
6.15 0.032427668423 0.0347478503457 0.0 0.0279793411376 0.0 0.0 0.0 0.0 0.0 0.0 0.0 0.0 0.0
6.2 0.0305088115236 0.0355013238072 0.0 0.0281969740949 0.0 0.0 0.0 0.0 0.0 0.0 0.0 0.0 0.0
6.25 0.0287035 0.0362547972686 0.0 0.0284146070522 0.0 0.0 0.0 0.0 0.0 0.0 0.0 0.0 0.0
6.3 0.0271378454076 0.0353562885758 0.0 0.0286372869297 0.0 0.0 0.0 0.0 0.0 0.0 0.0 0.0 0.0
6.35 0.025657590655 0.0344577798831 0.0 0.0288599668073 0.0 0.0 0.0 0.0 0.0 0.0 0.0 0.0 0.0
6.4 0.024258077542 0.0335592711904 0.0 0.0290826466849 0.0 0.0 0.0 0.0 0.0 0.0 0.0 0.0 0.0
6.45 0.0229349019534 0.0326607624977 0.0 0.0293053265624 0.0 0.0 0.0 0.0 0.0 0.0 0.0 0.0 0.0
6.5 0.0216839 0.031762253805 0.0 0.02952800644 0.0 0.0 0.0 0.0 0.0 0.0 0.0 0.0 0.0
6.55 0.0204192389978 0.0319128327013 0.0 0.0297551724802 0.0 0.0 0.0 0.0 0.0 0.0 0.0 0.0 0.0
6.6 0.0192283362887 0.0320634115977 0.0 0.0299823385204 0.0 0.0 0.0 0.0 0.0 0.0 0.0 0.0 0.0
6.65 0.0181068900987 0.032213990494 0.0 0.0302095045605 0.0 0.0 0.0 0.0 0.0 0.0 0.0 0.0 0.0
6.7 0.0170508495442 0.0323645693903 0.0 0.0304366706007 0.0 0.0 0.0 0.0 0.0 0.0 0.0 0.0 0.0
6.75 0.0160564 0.0325151482867 0.0 0.0306638366409 0.0 0.0 0.0 0.0 0.0 0.0 0.0 0.0 0.0
6.8 0.0149843983247 0.0336681811527 0.0 0.03089504802 0.0 0.0 0.0 0.0 0.0 0.0 0.0 0.0 0.0
6.85 0.0139839685828 0.0348212140187 0.0 0.0311262593991 0.0 0.0 0.0 0.0 0.0 0.0 0.0 0.0 0.0
6.9 0.0130503322915 0.0359742468848 0.0 0.0313574707781 0.0 0.0 0.0 0.0 0.0 0.0 0.0 0.0 0.0
6.95 0.0121790300021 0.0371272797508 0.0 0.0315886821572 0.0 0.0 0.0 0.0 0.0 0.0 0.0 0.0 0.0
7.0 0.0113659 0.0382803126168 0.0 0.0318198935363 0.0 0.0 0.0 0.0 0.0 0.0 0.0 0.0 0.0
7.05 0.0103662899433 0.0415051022736 0.0 0.0320546720363 0.0 0.0 0.0 0.0 0.0 0.0 0.0 0.0 0.0
7.1 0.00945459375757 0.0447298919303 0.0 0.0322894505362 0.0 0.0 0.0 0.0 0.0 0.0 0.0 0.0 0.0
7.15 0.00862307957904 0.047954681587 0.0 0.0325242290362 0.0 0.0 0.0 0.0 0.0 0.0 0.0 0.0 0.0
7.2 0.00786469554727 0.0511794712438 0.0 0.0327590075362 0.0 0.0 0.0 0.0 0.0 0.0 0.0 0.0 0.0
7.25 0.00717301 0.0544042609005 0.0 0.0329937860362 0.0 0.0 0.0 0.0 0.0 0.0 0.0 0.0 0.0
7.3 0.00657487620369 0.0554783306473 0.0 0.0332318003713 0.0 0.0 0.0 0.0 0.0 0.0 0.0 0.0 0.0
7.35 0.00602661882444 0.056552400394 0.0 0.0334698147064 0.0 0.0 0.0 0.0 0.0 0.0 0.0 0.0 0.0
7.4 0.00552407883127 0.0576264701408 0.0 0.0337078290415 0.0 0.0 0.0 0.0 0.0 0.0 0.0 0.0 0.0
7.45 0.0050634440012 0.0587005398876 0.0 0.0339458433765 0.0 0.0 0.0 0.0 0.0 0.0 0.0 0.0 0.0
7.5 0.00464122 0.0597746096343 0.0 0.0341838577116 0.0 0.0 0.0 0.0 0.0 0.0 0.0 0.0 0.0
7.55 0.00424475212585 0.061536872848 0.0 0.0344247770339 0.0 0.0 0.0 0.0 0.0 0.0 0.0 0.0 0.0
7.6 0.00388215180704 0.0632991360616 0.0 0.0346656963562 0.0 0.0 0.0 0.0 0.0 0.0 0.0 0.0 0.0
7.65 0.00355052596856 0.0650613992752 0.0 0.0349066156785 0.0 0.0 0.0 0.0 0.0 0.0 0.0 0.0 0.0
7.7 0.00324722867111 0.0668236624888 0.0 0.0351475350008 0.0 0.0 0.0 0.0 0.0 0.0 0.0 0.0 0.0
7.75 0.00296984 0.0685859257024 0.0 0.0353884543231 0.0 0.0 0.0 0.0 0.0 0.0 0.0 0.0 0.0
7.8 0.00262951256652 0.0802801575758 0.0 0.0356319806236 0.0 0.0 0.0 0.0 0.0 0.0 0.0 0.0 0.0
7.85 0.00232818479698 0.0919743894492 0.0 0.035875506924 0.0 0.0 0.0 0.0 0.0 0.0 0.0 0.0 0.0
7.9 0.00206138754304 0.103668621323 0.0 0.0361190332244 0.0 0.0 0.0 0.0 0.0 0.0 0.0 0.0 0.0
7.95 0.00182516379633 0.115362853196 0.0 0.0363625595249 0.0 0.0 0.0 0.0 0.0 0.0 0.0 0.0 0.0
8.0 0.00161601 0.127057085069 0.0 0.0366060858253 0.0 0.0 0.0 0.0 0.0 0.0 0.0 0.0 0.0
