1.800000000000000044e+00 1.789786157789670373e-02
1.850000000000000089e+00 1.770602727022244083e-02
1.900000000000000133e+00 1.751419296254817445e-02
1.950000000000000178e+00 1.732235865487391155e-02
2.000000000000000000e+00 1.713052434719964864e-02
2.050000000000000266e+00 1.693869003952538574e-02
2.100000000000000533e+00 1.674685573185111936e-02
2.150000000000000355e+00 1.655502142417685646e-02
2.200000000000000178e+00 1.636318711650259355e-02
2.250000000000000444e+00 1.617135280882832718e-02
2.300000000000000711e+00 1.575539532015372141e-02
2.350000000000000533e+00 1.533943783147912257e-02
2.400000000000000355e+00 1.492348034280452374e-02
2.450000000000000622e+00 1.450752285412991970e-02
2.500000000000000888e+00 1.409156536545532433e-02
2.550000000000000711e+00 1.417570869636484293e-02
2.600000000000000533e+00 1.425985202727436153e-02
2.650000000000000799e+00 1.434399535818388187e-02
2.700000000000001066e+00 1.442813868909340221e-02
2.750000000000000888e+00 1.451228202000292254e-02
2.800000000000000711e+00 1.474055983404129466e-02
2.850000000000000977e+00 1.496883764807966852e-02
2.900000000000001243e+00 1.519711546211804237e-02
2.950000000000001066e+00 1.542539327615641449e-02
3.000000000000000888e+00 1.565367109019478314e-02
3.050000000000001155e+00 1.565802949887612830e-02
3.100000000000001421e+00 1.566238790755747345e-02
3.150000000000001243e+00 1.566674631623881861e-02
3.200000000000001066e+00 1.567110472492016376e-02
3.250000000000001332e+00 1.567546313360151239e-02
3.300000000000001599e+00 1.579177831065852258e-02
3.350000000000001421e+00 1.590809348771553278e-02
3.400000000000001243e+00 1.602440866477253950e-02
3.450000000000001510e+00 1.614072384182954970e-02
3.500000000000001776e+00 1.625703901888654254e-02
3.550000000000001599e+00 1.582005789983562463e-02
3.600000000000001421e+00 1.538307678078470846e-02
3.650000000000001688e+00 1.494609566173378881e-02
3.700000000000001954e+00 1.450911454268286917e-02
3.750000000000001776e+00 1.407213342363197554e-02
3.800000000000001599e+00 1.426846021024527275e-02
3.850000000000001421e+00 1.446478699685856996e-02
3.900000000000002132e+00 1.466111378347186890e-02
3.950000000000001954e+00 1.485744057008516611e-02
4.000000000000001776e+00 1.505376735669848413e-02
4.050000000000001599e+00 1.584481285220014704e-02
4.100000000000002309e+00 1.663585834770182209e-02
4.150000000000002132e+00 1.742690384320348326e-02
4.200000000000001954e+00 1.821794933870514444e-02
4.250000000000001776e+00 1.900899483420681949e-02
4.300000000000002487e+00 2.021993095669984836e-02
4.350000000000002309e+00 2.143086707919285294e-02
4.400000000000002132e+00 2.264180320168585753e-02
4.450000000000001954e+00 2.385273932417886211e-02
4.500000000000002665e+00 2.506367544667183200e-02
4.550000000000002487e+00 2.523648521604459835e-02
4.600000000000002309e+00 2.540929498541736817e-02
4.650000000000002132e+00 2.558210475479013798e-02
4.700000000000002842e+00 2.575491452416291127e-02
4.750000000000002665e+00 2.592772429353563599e-02
4.800000000000002487e+00 2.529445715678725615e-02
4.850000000000002309e+00 2.466119002003887631e-02
4.900000000000003020e+00 2.402792288329048606e-02
4.950000000000002842e+00 2.339465574654210622e-02
5.000000000000002665e+00 2.276138860979376108e-02
5.050000000000002487e+00 2.276707795249223454e-02
5.100000000000003197e+00 2.277276729519070800e-02
5.150000000000003020e+00 2.277845663788917799e-02
5.200000000000002842e+00 2.278414598058765145e-02
5.250000000000002665e+00 2.278983532328615613e-02
5.300000000000003375e+00 2.336786828151406203e-02
5.350000000000003197e+00 2.394590123974196100e-02
5.400000000000003020e+00 2.452393419796985996e-02
5.450000000000002842e+00 2.510196715619775545e-02
5.500000000000003553e+00 2.568000011442570993e-02
5.550000000000003375e+00 2.688685767971990201e-02
5.600000000000003197e+00 2.809371524501409409e-02
5.650000000000003020e+00 2.930057281030828617e-02
5.700000000000003730e+00 3.050743037560249907e-02
5.750000000000003553e+00 3.171428794089672237e-02
5.800000000000003375e+00 3.339495277698457248e-02
5.850000000000003197e+00 3.507561761307242953e-02
5.900000000000003020e+00 3.675628244916027965e-02
5.950000000000003730e+00 3.843694728524815751e-02
6.000000000000003553e+00 4.011761212133595211e-02
6.050000000000003375e+00 4.099989360593831594e-02
6.100000000000004086e+00 4.188217509054068671e-02
6.150000000000003908e+00 4.276445657514305054e-02
6.200000000000003730e+00 4.364673805974540743e-02
6.250000000000003553e+00 4.452901954434771575e-02
6.300000000000003375e+00 4.465859958924150996e-02
6.350000000000004086e+00 4.478817963413531111e-02
6.400000000000003908e+00 4.491775967902910532e-02
6.450000000000003730e+00 4.504733972392289953e-02
6.500000000000004441e+00 4.517691976881671456e-02
6.550000000000004263e+00 4.546893946096047107e-02
6.600000000000004086e+00 4.576095915310423451e-02
6.650000000000003908e+00 4.605297884524799101e-02
6.700000000000003730e+00 4.634499853739175446e-02
6.750000000000004441e+00 4.663701822953551096e-02
6.800000000000004263e+00 4.688533593871305194e-02
6.850000000000004086e+00 4.713365364789059292e-02
6.900000000000004796e+00 4.738197135706813390e-02
6.950000000000004619e+00 4.763028906624567488e-02
7.000000000000004441e+00 4.787860677542347260e-02
7.050000000000004263e+00 5.097058028117739531e-02
7.100000000000004086e+00 5.406255378693131802e-02
7.150000000000004796e+00 5.715452729268529625e-02
7.200000000000004619e+00 6.024650079843921896e-02
7.250000000000004441e+00 6.333847430419310698e-02
7.300000000000005151e+00 6.603747229603514068e-02
7.350000000000004974e+00 6.873647028787711888e-02
7.400000000000004796e+00 7.143546827971911095e-02
7.450000000000004619e+00 7.413446627156108915e-02
7.500000000000004441e+00 7.683346426340294244e-02
7.550000000000005151e+00 7.812713765951340150e-02
7.600000000000004974e+00 7.942081105562381893e-02
7.650000000000004796e+00 8.071448445173425024e-02
7.700000000000005507e+00 8.200815784784469542e-02
7.750000000000005329e+00 8.330183124395570959e-02
7.800000000000005151e+00 9.004579442326460237e-02
7.850000000000004974e+00 9.678975760257350902e-02
7.900000000000004796e+00 1.035337207818824018e-01
7.950000000000005507e+00 1.102776839611914195e-01
8.000000000000005329e+00 1.170216471405003261e-01
8.050000000000006040e+00 1.237656103198093438e-01
8.100000000000006750e+00 1.305095734991183476e-01
8.150000000000005684e+00 1.372535366784271571e-01
8.200000000000006395e+00 1.439974998577361609e-01
8.250000000000005329e+00 1.507414630370449427e-01
8.300000000000006040e+00 1.574854262163539742e-01
8.350000000000006750e+00 1.642293893956629780e-01
8.400000000000005684e+00 1.709733525749717598e-01
8.450000000000006395e+00 1.777173157542807913e-01
8.500000000000007105e+00 1.844612789335897951e-01
8.550000000000006040e+00 1.912052421128985769e-01
8.600000000000006750e+00 1.979492052922076084e-01
8.650000000000005684e+00 2.046931684715163624e-01
8.700000000000006395e+00 2.114371316508253940e-01
8.750000000000007105e+00 2.181810948301344255e-01
8.800000000000006040e+00 2.249250580094431795e-01
8.850000000000006750e+00 2.316690211887522111e-01
8.900000000000007461e+00 2.384129843680612426e-01
8.950000000000006395e+00 2.451569475473699966e-01
9.000000000000007105e+00 2.519009107266790282e-01
9.050000000000006040e+00 2.586448739059877822e-01
9.100000000000006750e+00 2.653888370852968137e-01
9.150000000000007461e+00 2.721328002646058453e-01
9.200000000000006395e+00 2.788767634439146548e-01
9.250000000000007105e+00 2.856207266232236863e-01
9.300000000000007816e+00 2.923646898025326624e-01
9.350000000000006750e+00 2.991086529818414164e-01
9.400000000000007461e+00 3.058526161611504479e-01
9.450000000000006395e+00 3.125965793404592574e-01
9.500000000000007105e+00 3.193405425197682890e-01
9.550000000000007816e+00 3.260845056990773205e-01
9.600000000000006750e+00 3.328284688783860745e-01
9.650000000000007461e+00 3.395724320576950506e-01
9.700000000000008171e+00 3.463163952370040821e-01
9.750000000000007105e+00 3.530603584163128916e-01
9.800000000000007816e+00 3.598043215956219232e-01
9.850000000000008527e+00 3.665482847749309547e-01
9.900000000000007461e+00 3.732922479542396532e-01
9.950000000000008171e+00 3.800362111335486848e-01
1.000000000000000711e+01 3.867801743128574943e-01
1.005000000000000782e+01 3.935241374921665258e-01
1.010000000000000853e+01 4.002681006714755574e-01
1.015000000000000746e+01 4.070120638507843669e-01
1.020000000000000817e+01 4.137560270300932874e-01
1.025000000000000888e+01 4.204999902094023190e-01
1.030000000000000782e+01 4.272439533887111285e-01
1.035000000000000853e+01 4.339879165680201600e-01
1.040000000000000924e+01 4.407318797473291916e-01
1.045000000000000817e+01 4.474758429266380011e-01
1.050000000000000888e+01 4.542198061059469216e-01
1.055000000000000782e+01 4.609637692852557311e-01
1.060000000000000853e+01 4.677077324645647627e-01
1.065000000000000924e+01 4.744516956438737942e-01
1.070000000000000817e+01 4.811956588231826037e-01
1.075000000000000888e+01 4.879396220024916353e-01
1.080000000000000782e+01 4.946835851818003338e-01
1.085000000000000853e+01 5.014275483611093653e-01
1.090000000000000924e+01 5.081715115404183969e-01
1.095000000000000817e+01 5.149154747197272064e-01
1.100000000000000888e+01 5.216594378990362380e-01
1.105000000000000959e+01 5.284034010783452695e-01
1.110000000000000853e+01 5.351473642576539680e-01
1.115000000000000924e+01 5.418913274369629995e-01
1.120000000000000995e+01 5.486352906162720311e-01
1.125000000000000888e+01 5.553792537955808406e-01
1.130000000000000959e+01 5.621232169748898722e-01
1.135000000000000853e+01 5.688671801541985706e-01
1.140000000000000924e+01 5.756111433335076022e-01
1.145000000000000995e+01 5.823551065128166337e-01
1.150000000000000888e+01 5.890990696921254433e-01
1.155000000000000959e+01 5.958430328714344748e-01
1.160000000000000853e+01 6.025869960507431733e-01
1.165000000000000924e+01 6.093309592300522048e-01
1.170000000000000995e+01 6.160749224093612364e-01
1.175000000000000888e+01 6.228188855886700459e-01
1.180000000000000959e+01 6.295628487679790775e-01
1.185000000000001030e+01 6.363068119472881090e-01
1.190000000000000924e+01 6.430507751265968075e-01
1.195000000000000995e+01 6.497947383059058390e-01
1.200000000000001066e+01 6.565387014852148706e-01
1.205000000000000959e+01 6.632826646645236801e-01
1.210000000000001030e+01 6.700266278438327117e-01
1.215000000000000924e+01 6.767705910231414101e-01
1.220000000000000995e+01 6.835145542024504417e-01
1.225000000000001066e+01 6.902585173817594733e-01
1.230000000000000959e+01 6.970024805610682828e-01
1.235000000000001030e+01 7.037464437403773143e-01
1.240000000000000924e+01 7.104904069196861238e-01
1.245000000000000995e+01 7.172343700989950444e-01
1.250000000000001066e+01 7.239783332783040759e-01
1.255000000000000959e+01 7.307222964576128854e-01
1.260000000000001030e+01 7.374662596369219170e-01
1.265000000000001101e+01 7.442102228162309485e-01
1.270000000000000995e+01 7.509541859955397580e-01
1.275000000000001066e+01 7.576981491748486786e-01
1.280000000000001137e+01 7.644421123541577101e-01
1.285000000000001030e+01 7.711860755334665196e-01
1.290000000000001101e+01 7.779300387127755512e-01
1.295000000000000995e+01 7.846740018920843607e-01
1.300000000000001066e+01 7.914179650713933922e-01
