1.800000000000000044e+00 1.773192406294039208e-02
1.850000000000000089e+00 1.766044229421098732e-02
1.900000000000000133e+00 1.758896052548158603e-02
1.950000000000000178e+00 1.751747875675218127e-02
2.000000000000000000e+00 1.744599698802277998e-02
2.050000000000000266e+00 1.737451521929337522e-02
2.100000000000000533e+00 1.730303345056397393e-02
2.150000000000000355e+00 1.723155168183457264e-02
2.200000000000000178e+00 1.716006991310516788e-02
2.250000000000000444e+00 1.708858814437576312e-02
2.300000000000000711e+00 1.666729214011153717e-02
2.350000000000000533e+00 1.624599613584731470e-02
2.400000000000000355e+00 1.582470013158309222e-02
2.450000000000000622e+00 1.540340412731886453e-02
2.500000000000000888e+00 1.498210812305464899e-02
2.550000000000000711e+00 1.517438369286278066e-02
2.600000000000000533e+00 1.536665926267091406e-02
2.650000000000000799e+00 1.555893483247904746e-02
2.700000000000001066e+00 1.575121040228718086e-02
2.750000000000000888e+00 1.594348597209532467e-02
2.800000000000000711e+00 1.676219264172789866e-02
2.850000000000000977e+00 1.758089931136047959e-02
2.900000000000001243e+00 1.839960598099306052e-02
2.950000000000001066e+00 1.921831265062563104e-02
3.000000000000000888e+00 2.003701932025819810e-02
3.050000000000001155e+00 2.042176079847382239e-02
3.100000000000001421e+00 2.080650227668945015e-02
3.150000000000001243e+00 2.119124375490507098e-02
3.200000000000001066e+00 2.157598523312069527e-02
3.250000000000001332e+00 2.196072671133631957e-02
3.300000000000001599e+00 2.231909499951307760e-02
3.350000000000001421e+00 2.267746328768983216e-02
3.400000000000001243e+00 2.303583157586658672e-02
3.450000000000001510e+00 2.339419986404334476e-02
3.500000000000001776e+00 2.375256815222008544e-02
3.550000000000001599e+00 2.368330940861528011e-02
3.600000000000001421e+00 2.361405066501047478e-02
3.650000000000001688e+00 2.354479192140566599e-02
3.700000000000001954e+00 2.347553317780086066e-02
3.750000000000001776e+00 2.340627443419606227e-02
3.800000000000001599e+00 2.357988073389102185e-02
3.850000000000001421e+00 2.375348703358598490e-02
3.900000000000002132e+00 2.392709333328095142e-02
3.950000000000001954e+00 2.410069963297591100e-02
4.000000000000001776e+00 2.427430593267091222e-02
4.050000000000001599e+00 2.554322756697843810e-02
4.100000000000002309e+00 2.681214920128598828e-02
4.150000000000002132e+00 2.808107083559351763e-02
4.200000000000001954e+00 2.934999246990104699e-02
4.250000000000001776e+00 3.061891410420860410e-02
4.300000000000002487e+00 3.281292272785241854e-02
4.350000000000002309e+00 3.500693135149619828e-02
4.400000000000002132e+00 3.720093997513997108e-02
4.450000000000001954e+00 3.939494859878375083e-02
4.500000000000002665e+00 4.158895722242746118e-02
4.550000000000002487e+00 4.179257849354751919e-02
4.600000000000002309e+00 4.199619976466758414e-02
4.650000000000002132e+00 4.219982103578764909e-02
4.700000000000002842e+00 4.240344230690771404e-02
4.750000000000002665e+00 4.260706357802771654e-02
4.800000000000002487e+00 4.170465949392823668e-02
4.850000000000002309e+00 4.080225540982875682e-02
4.900000000000003020e+00 3.989985132572925614e-02
4.950000000000002842e+00 3.899744724162977627e-02
5.000000000000002665e+00 3.809504315753038661e-02
5.050000000000002487e+00 3.886350991801301724e-02
5.100000000000003197e+00 3.963197667849565481e-02
5.150000000000003020e+00 4.040044343897828544e-02
5.200000000000002842e+00 4.116891019946090913e-02
5.250000000000002665e+00 4.193737695994356751e-02
5.300000000000003375e+00 4.330268491427489291e-02
5.350000000000003197e+00 4.466799286860619056e-02
5.400000000000003020e+00 4.603330082293748821e-02
5.450000000000002842e+00 4.739860877726878585e-02
5.500000000000003553e+00 4.876391673160011125e-02
5.550000000000003375e+00 5.010357431694613395e-02
5.600000000000003197e+00 5.144323190229216358e-02
5.650000000000003020e+00 5.278288948763818628e-02
5.700000000000003730e+00 5.412254707298423673e-02
5.750000000000003553e+00 5.546220465833049534e-02
5.800000000000003375e+00 6.005847180965152160e-02
5.850000000000003197e+00 6.465473896097254092e-02
5.900000000000003020e+00 6.925100611229356717e-02
5.950000000000003730e+00 7.384727326361467670e-02
6.000000000000003553e+00 7.844354041493549479e-02
6.050000000000003375e+00 8.022047309166817353e-02
6.100000000000004086e+00 8.199740576840086614e-02
6.150000000000003908e+00 8.377433844513354488e-02
6.200000000000003730e+00 8.555127112186622362e-02
6.250000000000003553e+00 8.732820379859881910e-02
6.300000000000003375e+00 8.807019533482890461e-02
6.350000000000004086e+00 8.881218687105901788e-02
6.400000000000003908e+00 8.955417840728911727e-02
6.450000000000003730e+00 9.029616994351920278e-02
6.500000000000004441e+00 9.103816147974938544e-02
6.550000000000004263e+00 9.267236311440434082e-02
6.600000000000004086e+00 9.430656474905928233e-02
6.650000000000003908e+00 9.594076638371423771e-02
6.700000000000003730e+00 9.757496801836917921e-02
6.750000000000004441e+00 9.920916965302446766e-02
6.800000000000004263e+00 1.043637688495200888e-01
6.850000000000004086e+00 1.095183680460156961e-01
6.900000000000004796e+00 1.146729672425114005e-01
6.950000000000004619e+00 1.198275664390070216e-01
7.000000000000004441e+00 1.249821656355031146e-01
7.050000000000004263e+00 1.355865885559810469e-01
7.100000000000004086e+00 1.461910114764589930e-01
7.150000000000004796e+00 1.567954343969371056e-01
7.200000000000004619e+00 1.673998573174150517e-01
7.250000000000004441e+00 1.780042802378928590e-01
7.300000000000005151e+00 1.869582354355911469e-01
7.350000000000004974e+00 1.959121906332892682e-01
7.400000000000004796e+00 2.048661458309874173e-01
7.450000000000004619e+00 2.138201010286855386e-01
7.500000000000004441e+00 2.227740562263836321e-01
7.550000000000005151e+00 2.311387361326328049e-01
7.600000000000004974e+00 2.395034160388818389e-01
7.650000000000004796e+00 2.478680959451308452e-01
7.700000000000005507e+00 2.562327758513800458e-01
7.750000000000005329e+00 2.645974557576286634e-01
7.800000000000005151e+00 2.691644310425643782e-01
7.850000000000004974e+00 2.737314063275000930e-01
7.900000000000004796e+00 2.782983816124358079e-01
7.950000000000005507e+00 2.828653568973716337e-01
8.000000000000005329e+00 2.874323321823073485e-01
8.050000000000006040e+00 2.919993074672431188e-01
8.100000000000006750e+00 2.965662827521789446e-01
8.150000000000005684e+00 3.011332580371145484e-01
8.200000000000006395e+00 3.057002333220503743e-01
8.250000000000005329e+00 3.102672086069860335e-01
8.300000000000006040e+00 3.148341838919218039e-01
8.350000000000006750e+00 3.194011591768576297e-01
8.400000000000005684e+00 3.239681344617932890e-01
8.450000000000006395e+00 3.285351097467290593e-01
8.500000000000007105e+00 3.331020850316648851e-01
8.550000000000006040e+00 3.376690603166004889e-01
8.600000000000006750e+00 3.422360356015363148e-01
8.650000000000005684e+00 3.468030108864719185e-01
8.700000000000006395e+00 3.513699861714077444e-01
8.750000000000007105e+00 3.559369614563435702e-01
8.800000000000006040e+00 3.605039367412791740e-01
8.850000000000006750e+00 3.650709120262149998e-01
8.900000000000007461e+00 3.696378873111507701e-01
8.950000000000006395e+00 3.742048625960864294e-01
9.000000000000007105e+00 3.787718378810222553e-01
9.050000000000006040e+00 3.833388131659578590e-01
9.100000000000006750e+00 3.879057884508936849e-01
9.150000000000007461e+00 3.924727637358295107e-01
9.200000000000006395e+00 3.970397390207651145e-01
9.250000000000007105e+00 4.016067143057009403e-01
9.300000000000007816e+00 4.061736895906367106e-01
9.350000000000006750e+00 4.107406648755723699e-01
9.400000000000007461e+00 4.153076401605081402e-01
9.450000000000006395e+00 4.198746154454437995e-01
9.500000000000007105e+00 4.244415907303795699e-01
9.550000000000007816e+00 4.290085660153154512e-01
9.600000000000006750e+00 4.335755413002510550e-01
9.650000000000007461e+00 4.381425165851868808e-01
9.700000000000008171e+00 4.427094918701226511e-01
9.750000000000007105e+00 4.472764671550583104e-01
9.800000000000007816e+00 4.518434424399940808e-01
9.850000000000008527e+00 4.564104177249299066e-01
9.900000000000007461e+00 4.609773930098655104e-01
9.950000000000008171e+00 4.655443682948013362e-01
1.000000000000000711e+01 4.701113435797369400e-01
1.005000000000000782e+01 4.746783188646728213e-01
1.010000000000000853e+01 4.792452941496085916e-01
1.015000000000000746e+01 4.838122694345442509e-01
1.020000000000000817e+01 4.883792447194800213e-01
1.025000000000000888e+01 4.929462200044157916e-01
1.030000000000000782e+01 4.975131952893514509e-01
1.035000000000000853e+01 5.020801705742872212e-01
1.040000000000000924e+01 5.066471458592231025e-01
1.045000000000000817e+01 5.112141211441587618e-01
1.050000000000000888e+01 5.157810964290945321e-01
1.055000000000000782e+01 5.203480717140300804e-01
1.060000000000000853e+01 5.249150469989659618e-01
1.065000000000000924e+01 5.294820222839017321e-01
1.070000000000000817e+01 5.340489975688373914e-01
1.075000000000000888e+01 5.386159728537731617e-01
1.080000000000000782e+01 5.431829481387088210e-01
1.085000000000000853e+01 5.477499234236447023e-01
1.090000000000000924e+01 5.523168987085804726e-01
1.095000000000000817e+01 5.568838739935160209e-01
1.100000000000000888e+01 5.614508492784519023e-01
1.105000000000000959e+01 5.660178245633876726e-01
1.110000000000000853e+01 5.705847998483233319e-01
1.115000000000000924e+01 5.751517751332591022e-01
1.120000000000000995e+01 5.797187504181948725e-01
1.125000000000000888e+01 5.842857257031306428e-01
1.130000000000000959e+01 5.888527009880664131e-01
1.135000000000000853e+01 5.934196762730019614e-01
1.140000000000000924e+01 5.979866515579377317e-01
1.145000000000000995e+01 6.025536268428736131e-01
1.150000000000000888e+01 6.071206021278092724e-01
1.155000000000000959e+01 6.116875774127450427e-01
1.160000000000000853e+01 6.162545526976807020e-01
1.165000000000000924e+01 6.208215279826164723e-01
1.170000000000000995e+01 6.253885032675523536e-01
1.175000000000000888e+01 6.299554785524879019e-01
1.180000000000000959e+01 6.345224538374236722e-01
1.185000000000001030e+01 6.390894291223595536e-01
1.190000000000000924e+01 6.436564044072952129e-01
1.195000000000000995e+01 6.482233796922309832e-01
1.200000000000001066e+01 6.527903549771667535e-01
1.205000000000000959e+01 6.573573302621024128e-01
1.210000000000001030e+01 6.619243055470382942e-01
1.215000000000000924e+01 6.664912808319738424e-01
1.220000000000000995e+01 6.710582561169096127e-01
1.225000000000001066e+01 6.756252314018454941e-01
1.230000000000000959e+01 6.801922066867811534e-01
1.235000000000001030e+01 6.847591819717169237e-01
1.240000000000000924e+01 6.893261572566524720e-01
1.245000000000000995e+01 6.938931325415883533e-01
1.250000000000001066e+01 6.984601078265242347e-01
1.255000000000000959e+01 7.030270831114597829e-01
1.260000000000001030e+01 7.075940583963955532e-01
1.265000000000001101e+01 7.121610336813313236e-01
1.270000000000000995e+01 7.167280089662670939e-01
1.275000000000001066e+01 7.212949842512028642e-01
1.280000000000001137e+01 7.258619595361386345e-01
1.285000000000001030e+01 7.304289348210742938e-01
1.290000000000001101e+01 7.349959101060100641e-01
1.295000000000000995e+01 7.395628853909457234e-01
1.300000000000001066e+01 7.441298606758814937e-01
