1.800000000000000044e+00 1.778771423876528146e-02
1.850000000000000089e+00 1.780016894027391244e-02
1.900000000000000133e+00 1.781262364178254343e-02
1.950000000000000178e+00 1.782507834329117441e-02
2.000000000000000000e+00 1.783753304479980539e-02
2.050000000000000266e+00 1.784998774630843638e-02
2.100000000000000533e+00 1.786244244781706736e-02
2.150000000000000355e+00 1.787489714932569834e-02
2.200000000000000178e+00 1.788735185083432933e-02
2.250000000000000444e+00 1.789980655234296031e-02
2.300000000000000711e+00 1.792813646036907002e-02
2.350000000000000533e+00 1.795646636839517626e-02
2.400000000000000355e+00 1.798479627642128598e-02
2.450000000000000622e+00 1.801312618444739222e-02
2.500000000000000888e+00 1.804145609247350193e-02
2.550000000000000711e+00 1.808864919511003061e-02
2.600000000000000533e+00 1.813584229774655929e-02
2.650000000000000799e+00 1.818303540038308797e-02
2.700000000000001066e+00 1.823022850301961664e-02
2.750000000000000888e+00 1.827742160565614532e-02
2.800000000000000711e+00 1.834215627490417069e-02
2.850000000000000977e+00 1.840689094415219954e-02
2.900000000000001243e+00 1.847162561340022491e-02
2.950000000000001066e+00 1.853636028264825028e-02
3.000000000000000888e+00 1.860109495189627565e-02
3.050000000000001155e+00 1.868294483463150274e-02
3.100000000000001421e+00 1.876479471736672636e-02
3.150000000000001243e+00 1.884664460010194997e-02
3.200000000000001066e+00 1.892849448283717012e-02
3.250000000000001332e+00 1.901034436557239721e-02
3.300000000000001599e+00 1.910875445588023150e-02
3.350000000000001421e+00 1.920716454618806232e-02
3.400000000000001243e+00 1.930557463649589661e-02
3.450000000000001510e+00 1.940398472680373090e-02
3.500000000000001776e+00 1.950239481711156520e-02
3.550000000000001599e+00 1.961671835535343938e-02
3.600000000000001421e+00 1.973104189359531010e-02
3.650000000000001688e+00 1.984536543183718429e-02
3.700000000000001954e+00 1.995968897007905848e-02
3.750000000000001776e+00 2.007401250832092920e-02
3.800000000000001599e+00 2.020354489674900181e-02
3.850000000000001421e+00 2.033307728517707441e-02
3.900000000000002132e+00 2.046260967360514701e-02
3.950000000000001954e+00 2.059214206203321962e-02
4.000000000000001776e+00 2.072167445046128875e-02
4.050000000000001599e+00 2.086568907393902481e-02
4.100000000000002309e+00 2.100970369741676433e-02
4.150000000000002132e+00 2.115371832089450038e-02
4.200000000000001954e+00 2.129773294437223644e-02
4.250000000000001776e+00 2.144174756784997249e-02
4.300000000000002487e+00 2.159952653670432418e-02
4.350000000000002309e+00 2.175730550555867587e-02
4.400000000000002132e+00 2.191508447441302410e-02
4.450000000000001954e+00 2.207286344326737579e-02
4.500000000000002665e+00 2.223064241212173095e-02
4.550000000000002487e+00 2.240148138859169788e-02
4.600000000000002309e+00 2.257232036506166481e-02
4.650000000000002132e+00 2.274315934153163174e-02
4.700000000000002842e+00 2.291399831800160214e-02
4.750000000000002665e+00 2.308483729447156907e-02
4.800000000000002487e+00 2.326809821659455921e-02
4.850000000000002309e+00 2.345135913871754935e-02
4.900000000000003020e+00 2.363462006084054295e-02
4.950000000000002842e+00 2.381788098296353656e-02
5.000000000000002665e+00 2.400114190508652670e-02
5.050000000000002487e+00 2.419619753477372098e-02
5.100000000000003197e+00 2.439125316446091526e-02
5.150000000000003020e+00 2.458630879414810955e-02
5.200000000000002842e+00 2.478136442383530036e-02
5.250000000000002665e+00 2.497642005352249464e-02
5.300000000000003375e+00 2.518273977226529597e-02
5.350000000000003197e+00 2.538905949100809037e-02
5.400000000000003020e+00 2.559537920975088823e-02
5.450000000000002842e+00 2.580169892849368610e-02
5.500000000000003553e+00 2.600801864723648396e-02
5.550000000000003375e+00 2.622509866130107864e-02
5.600000000000003197e+00 2.644217867536567332e-02
5.650000000000003020e+00 2.665925868943026453e-02
5.700000000000003730e+00 2.687633870349486268e-02
5.750000000000003553e+00 2.709341871755945735e-02
5.800000000000003375e+00 2.732084754414391622e-02
5.850000000000003197e+00 2.754827637072837510e-02
5.900000000000003020e+00 2.777570519731283744e-02
5.950000000000003730e+00 2.800313402389729978e-02
6.000000000000003553e+00 2.823056285048176212e-02
6.050000000000003375e+00 2.846793105609123423e-02
6.100000000000004086e+00 2.870529926170071328e-02
6.150000000000003908e+00 2.894266746731018886e-02
6.200000000000003730e+00 2.918003567291966097e-02
6.250000000000003553e+00 2.941740387852913655e-02
6.300000000000003375e+00 2.966440208541512927e-02
6.350000000000004086e+00 2.991140029230112546e-02
6.400000000000003908e+00 3.015839849918711818e-02
6.450000000000003730e+00 3.040539670607311090e-02
6.500000000000004441e+00 3.065239491295911056e-02
6.550000000000004263e+00 3.090872519378670344e-02
6.600000000000004086e+00 3.116505547461429632e-02
6.650000000000003908e+00 3.142138575544188572e-02
6.700000000000003730e+00 3.167771603626948207e-02
6.750000000000004441e+00 3.193404631709707842e-02
6.800000000000004263e+00 3.219948420041687798e-02
6.850000000000004086e+00 3.246492208373668448e-02
6.900000000000004796e+00 3.273035996705648404e-02
6.950000000000004619e+00 3.299579785037628360e-02
7.000000000000004441e+00 3.326123573369609010e-02
7.050000000000004263e+00 3.353556570798858771e-02
7.100000000000004086e+00 3.380989568228109227e-02
7.150000000000004796e+00 3.408422565657359682e-02
7.200000000000004619e+00 3.435855563086610137e-02
7.250000000000004441e+00 3.463288560515860592e-02
7.300000000000005151e+00 3.491593521653128113e-02
7.350000000000004974e+00 3.519898482790395633e-02
7.400000000000004796e+00 3.548203443927662459e-02
7.450000000000004619e+00 3.576508405064929980e-02
7.500000000000004441e+00 3.604813366202197500e-02
7.550000000000005151e+00 3.633975582614808186e-02
7.600000000000004974e+00 3.663137799027418873e-02
7.650000000000004796e+00 3.692300015440029559e-02
7.700000000000005507e+00 3.721462231852640939e-02
7.750000000000005329e+00 3.750624448265251626e-02
7.800000000000005151e+00 3.780632453489093936e-02
7.850000000000004974e+00 3.810640458712936246e-02
7.900000000000004796e+00 3.840648463936778556e-02
7.950000000000005507e+00 3.870656469160621560e-02
8.000000000000005329e+00 3.900664474384463870e-02
8.050000000000006040e+00 3.930672479608306180e-02
8.100000000000006750e+00 3.960680484832149184e-02
8.150000000000005684e+00 3.990688490055990800e-02
8.200000000000006395e+00 4.020696495279833804e-02
8.250000000000005329e+00 4.050704500503676114e-02
8.300000000000006040e+00 4.080712505727518424e-02
8.350000000000006750e+00 4.110720510951361428e-02
8.400000000000005684e+00 4.140728516175203044e-02
8.450000000000006395e+00 4.170736521399046048e-02
8.500000000000007105e+00 4.200744526622889052e-02
8.550000000000006040e+00 4.230752531846730669e-02
8.600000000000006750e+00 4.260760537070573672e-02
8.650000000000005684e+00 4.290768542294415289e-02
8.700000000000006395e+00 4.320776547518258293e-02
8.750000000000007105e+00 4.350784552742101297e-02
8.800000000000006040e+00 4.380792557965942913e-02
8.850000000000006750e+00 4.410800563189785917e-02
8.900000000000007461e+00 4.440808568413628921e-02
8.950000000000006395e+00 4.470816573637470537e-02
9.000000000000007105e+00 4.500824578861313541e-02
9.050000000000006040e+00 4.530832584085155157e-02
9.100000000000006750e+00 4.560840589308998161e-02
9.150000000000007461e+00 4.590848594532841165e-02
9.200000000000006395e+00 4.620856599756682781e-02
9.250000000000007105e+00 4.650864604980525785e-02
9.300000000000007816e+00 4.680872610204368789e-02
9.350000000000006750e+00 4.710880615428210405e-02
9.400000000000007461e+00 4.740888620652053409e-02
9.450000000000006395e+00 4.770896625875895025e-02
9.500000000000007105e+00 4.800904631099738029e-02
9.550000000000007816e+00 4.830912636323581033e-02
9.600000000000006750e+00 4.860920641547422649e-02
9.650000000000007461e+00 4.890928646771265653e-02
9.700000000000008171e+00 4.920936651995108657e-02
9.750000000000007105e+00 4.950944657218950273e-02
9.800000000000007816e+00 4.980952662442793277e-02
9.850000000000008527e+00 5.010960667666636281e-02
9.900000000000007461e+00 5.040968672890477897e-02
9.950000000000008171e+00 5.070976678114320901e-02
1.000000000000000711e+01 5.100984683338162518e-02
1.005000000000000782e+01 5.130992688562005521e-02
1.010000000000000853e+01 5.161000693785848525e-02
1.015000000000000746e+01 5.191008699009690142e-02
1.020000000000000817e+01 5.221016704233533146e-02
1.025000000000000888e+01 5.251024709457376149e-02
1.030000000000000782e+01 5.281032714681217766e-02
1.035000000000000853e+01 5.311040719905060770e-02
1.040000000000000924e+01 5.341048725128903774e-02
1.045000000000000817e+01 5.371056730352745390e-02
1.050000000000000888e+01 5.401064735576588394e-02
1.055000000000000782e+01 5.431072740800430010e-02
1.060000000000000853e+01 5.461080746024273014e-02
1.065000000000000924e+01 5.491088751248116018e-02
1.070000000000000817e+01 5.521096756471957634e-02
1.075000000000000888e+01 5.551104761695800638e-02
1.080000000000000782e+01 5.581112766919642254e-02
1.085000000000000853e+01 5.611120772143485258e-02
1.090000000000000924e+01 5.641128777367328262e-02
1.095000000000000817e+01 5.671136782591169878e-02
1.100000000000000888e+01 5.701144787815012882e-02
1.105000000000000959e+01 5.731152793038855886e-02
1.110000000000000853e+01 5.761160798262697502e-02
1.115000000000000924e+01 5.791168803486540506e-02
1.120000000000000995e+01 5.821176808710383510e-02
1.125000000000000888e+01 5.851184813934225126e-02
1.130000000000000959e+01 5.881192819158068130e-02
1.135000000000000853e+01 5.911200824381909746e-02
1.140000000000000924e+01 5.941208829605752750e-02
1.145000000000000995e+01 5.971216834829595754e-02
1.150000000000000888e+01 6.001224840053437370e-02
1.155000000000000959e+01 6.031232845277280374e-02
1.160000000000000853e+01 6.061240850501121991e-02
1.165000000000000924e+01 6.091248855724964995e-02
1.170000000000000995e+01 6.121256860948807998e-02
1.175000000000000888e+01 6.151264866172649615e-02
1.180000000000000959e+01 6.181272871396492619e-02
1.185000000000001030e+01 6.211280876620335623e-02
1.190000000000000924e+01 6.241288881844177239e-02
1.195000000000000995e+01 6.271296887068020243e-02
1.200000000000001066e+01 6.301304892291861859e-02
1.205000000000000959e+01 6.331312897515704863e-02
1.210000000000001030e+01 6.361320902739547867e-02
1.215000000000000924e+01 6.391328907963389483e-02
1.220000000000000995e+01 6.421336913187232487e-02
1.225000000000001066e+01 6.451344918411075491e-02
1.230000000000000959e+01 6.481352923634917107e-02
1.235000000000001030e+01 6.511360928858760111e-02
1.240000000000000924e+01 6.541368934082601727e-02
1.245000000000000995e+01 6.571376939306444731e-02
1.250000000000001066e+01 6.601384944530286347e-02
1.255000000000000959e+01 6.631392949754129351e-02
1.260000000000001030e+01 6.661400954977972355e-02
1.265000000000001101e+01 6.691408960201813971e-02
1.270000000000000995e+01 6.721416965425656975e-02
1.275000000000001066e+01 6.751424970649499979e-02
1.280000000000001137e+01 6.781432975873341595e-02
1.285000000000001030e+01 6.811440981097184599e-02
1.290000000000001101e+01 6.841448986321027603e-02
1.295000000000000995e+01 6.871456991544869219e-02
1.300000000000001066e+01 6.901464996768710836e-02
