1.800000000000000044e+00 1.008123868959054786e-01
1.850000000000000089e+00 1.008063278796975243e-01
1.900000000000000133e+00 1.008002688634895561e-01
1.950000000000000178e+00 1.007942098472816017e-01
2.000000000000000000e+00 1.007881508310736335e-01
2.050000000000000266e+00 1.007820918148656653e-01
2.100000000000000533e+00 1.007760327986577109e-01
2.150000000000000355e+00 1.007699737824497427e-01
2.200000000000000178e+00 1.007639147662417883e-01
2.250000000000000444e+00 1.007578557500338201e-01
2.300000000000000711e+00 1.007708789596912513e-01
2.350000000000000533e+00 1.007839021693486964e-01
2.400000000000000355e+00 1.007969253790061276e-01
2.450000000000000622e+00 1.008099485886635727e-01
2.500000000000000888e+00 1.008229717983210039e-01
2.550000000000000711e+00 1.008498131423123667e-01
2.600000000000000533e+00 1.008766544863037157e-01
2.650000000000000799e+00 1.009034958302950785e-01
2.700000000000001066e+00 1.009303371742864275e-01
2.750000000000000888e+00 1.009571785182777903e-01
2.800000000000000711e+00 1.009699797203775923e-01
2.850000000000000977e+00 1.009827809224773942e-01
2.900000000000001243e+00 1.009955821245771962e-01
2.950000000000001066e+00 1.010083833266769981e-01
3.000000000000000888e+00 1.010211845287768001e-01
3.050000000000001155e+00 1.010739488551227888e-01
3.100000000000001421e+00 1.011267131814687775e-01
3.150000000000001243e+00 1.011794775078147524e-01
3.200000000000001066e+00 1.012322418341607411e-01
3.250000000000001332e+00 1.012850061605067298e-01
3.300000000000001599e+00 1.013956411381004286e-01
3.350000000000001421e+00 1.015062761156941273e-01
3.400000000000001243e+00 1.016169110932878261e-01
3.450000000000001510e+00 1.017275460708815110e-01
3.500000000000001776e+00 1.018381810484752098e-01
3.550000000000001599e+00 1.019900594123777232e-01
3.600000000000001421e+00 1.021419377762802366e-01
3.650000000000001688e+00 1.022938161401827362e-01
3.700000000000001954e+00 1.024456945040852496e-01
3.750000000000001776e+00 1.025975728679877491e-01
3.800000000000001599e+00 1.027610323446194046e-01
3.850000000000001421e+00 1.029244918212510462e-01
3.900000000000002132e+00 1.030879512978826879e-01
3.950000000000001954e+00 1.032514107745143295e-01
4.000000000000001776e+00 1.034148702511459711e-01
4.050000000000001599e+00 1.035689762290634419e-01
4.100000000000002309e+00 1.037230822069808989e-01
4.150000000000002132e+00 1.038771881848983697e-01
4.200000000000001954e+00 1.040312941628158266e-01
4.250000000000001776e+00 1.041854001407332836e-01
4.300000000000002487e+00 1.043064428011687972e-01
4.350000000000002309e+00 1.044274854616042969e-01
4.400000000000002132e+00 1.045485281220397966e-01
4.450000000000001954e+00 1.046695707824752963e-01
4.500000000000002665e+00 1.047906134429107544e-01
4.550000000000002487e+00 1.040753919417658352e-01
4.600000000000002309e+00 1.033601704406209021e-01
4.650000000000002132e+00 1.026449489394759690e-01
4.700000000000002842e+00 1.019297274383310359e-01
4.750000000000002665e+00 1.012145059371862277e-01
4.800000000000002487e+00 1.028407339126436310e-01
4.850000000000002309e+00 1.044669618881010342e-01
4.900000000000003020e+00 1.060931898635584653e-01
4.950000000000002842e+00 1.077194178390158547e-01
5.000000000000002665e+00 1.093456458144733412e-01
5.050000000000002487e+00 1.124365618565580649e-01
5.100000000000003197e+00 1.155274778986428441e-01
5.150000000000003020e+00 1.186183939407275678e-01
5.200000000000002842e+00 1.217093099828123054e-01
5.250000000000002665e+00 1.248002260248970569e-01
5.300000000000003375e+00 1.284768379979011887e-01
5.350000000000003197e+00 1.321534499709052513e-01
5.400000000000003020e+00 1.358300619439093138e-01
5.450000000000002842e+00 1.395066739169133763e-01
5.500000000000003553e+00 1.431832858899174943e-01
5.550000000000003375e+00 1.465063162101870320e-01
5.600000000000003197e+00 1.498293465304565975e-01
5.650000000000003020e+00 1.531523768507261629e-01
5.700000000000003730e+00 1.564754071709957839e-01
5.750000000000003553e+00 1.597984374912652383e-01
5.800000000000003375e+00 1.618817136181066041e-01
5.850000000000003197e+00 1.639649897449479421e-01
5.900000000000003020e+00 1.660482658717893079e-01
5.950000000000003730e+00 1.681315419986307014e-01
6.000000000000003553e+00 1.702148181254718451e-01
6.050000000000003375e+00 1.694203605150118863e-01
6.100000000000004086e+00 1.686259029045518998e-01
6.150000000000003908e+00 1.678314452940919410e-01
6.200000000000003730e+00 1.670369876836319822e-01
6.250000000000003553e+00 1.662425300731722455e-01
6.300000000000003375e+00 1.685276498434353232e-01
6.350000000000004086e+00 1.708127696136984564e-01
6.400000000000003908e+00 1.730978893839615618e-01
6.450000000000003730e+00 1.753830091542246394e-01
6.500000000000004441e+00 1.776681289244878836e-01
6.550000000000004263e+00 1.811084909576417545e-01
6.600000000000004086e+00 1.845488529907956254e-01
6.650000000000003908e+00 1.879892150239494686e-01
6.700000000000003730e+00 1.914295770571033395e-01
6.750000000000004441e+00 1.948699390902572659e-01
6.800000000000004263e+00 1.983554824534786987e-01
6.850000000000004086e+00 2.018410258167001314e-01
6.900000000000004796e+00 2.053265691799216197e-01
6.950000000000004619e+00 2.088121125431430525e-01
7.000000000000004441e+00 2.122976559063644020e-01
7.050000000000004263e+00 2.148442449348708649e-01
7.100000000000004086e+00 2.173908339633773279e-01
7.150000000000004796e+00 2.199374229918838186e-01
7.200000000000004619e+00 2.224840120203902538e-01
7.250000000000004441e+00 2.250306010488965780e-01
7.300000000000005151e+00 2.260239610750433559e-01
7.350000000000004974e+00 2.270173211011901060e-01
7.400000000000004796e+00 2.280106811273368284e-01
7.450000000000004619e+00 2.290040411534835785e-01
7.500000000000004441e+00 2.299974011796303008e-01
7.550000000000005151e+00 2.306483675099370301e-01
7.600000000000004974e+00 2.312993338402437593e-01
7.650000000000004796e+00 2.319503001705504885e-01
7.700000000000005507e+00 2.326012665008572178e-01
7.750000000000005329e+00 2.332522328311639748e-01
7.800000000000005151e+00 2.341733216897128877e-01
7.850000000000004974e+00 2.350944105482618007e-01
7.900000000000004796e+00 2.360154994068107137e-01
7.950000000000005507e+00 2.369365882653596267e-01
8.000000000000005329e+00 2.378576771239085674e-01
8.050000000000006040e+00 2.387787659824574804e-01
8.100000000000006750e+00 2.396998548410064211e-01
8.150000000000005684e+00 2.406209436995553064e-01
8.200000000000006395e+00 2.415420325581042471e-01
8.250000000000005329e+00 2.424631214166531601e-01
8.300000000000006040e+00 2.433842102752020731e-01
8.350000000000006750e+00 2.443052991337510138e-01
8.400000000000005684e+00 2.452263879922998990e-01
8.450000000000006395e+00 2.461474768508488398e-01
8.500000000000007105e+00 2.470685657093977805e-01
8.550000000000006040e+00 2.479896545679466657e-01
8.600000000000006750e+00 2.489107434264956065e-01
8.650000000000005684e+00 2.498318322850444917e-01
8.700000000000006395e+00 2.507529211435934324e-01
8.750000000000007105e+00 2.516740100021423454e-01
8.800000000000006040e+00 2.525950988606912584e-01
8.850000000000006750e+00 2.535161877192401714e-01
8.900000000000007461e+00 2.544372765777891399e-01
8.950000000000006395e+00 2.553583654363380528e-01
9.000000000000007105e+00 2.562794542948869658e-01
9.050000000000006040e+00 2.572005431534358788e-01
9.100000000000006750e+00 2.581216320119847918e-01
9.150000000000007461e+00 2.590427208705337048e-01
9.200000000000006395e+00 2.599638097290826177e-01
9.250000000000007105e+00 2.608848985876315307e-01
9.300000000000007816e+00 2.618059874461804992e-01
9.350000000000006750e+00 2.627270763047293567e-01
9.400000000000007461e+00 2.636481651632783252e-01
9.450000000000006395e+00 2.645692540218271827e-01
9.500000000000007105e+00 2.654903428803761511e-01
9.550000000000007816e+00 2.664114317389250641e-01
9.600000000000006750e+00 2.673325205974739771e-01
9.650000000000007461e+00 2.682536094560228901e-01
9.700000000000008171e+00 2.691746983145718586e-01
9.750000000000007105e+00 2.700957871731207161e-01
9.800000000000007816e+00 2.710168760316696845e-01
9.850000000000008527e+00 2.719379648902185975e-01
9.900000000000007461e+00 2.728590537487675105e-01
9.950000000000008171e+00 2.737801426073164235e-01
1.000000000000000711e+01 2.747012314658653365e-01
1.005000000000000782e+01 2.756223203244142494e-01
1.010000000000000853e+01 2.765434091829631624e-01
1.015000000000000746e+01 2.774644980415120754e-01
1.020000000000000817e+01 2.783855869000610439e-01
1.025000000000000888e+01 2.793066757586099569e-01
1.030000000000000782e+01 2.802277646171588699e-01
1.035000000000000853e+01 2.811488534757077828e-01
1.040000000000000924e+01 2.820699423342566958e-01
1.045000000000000817e+01 2.829910311928056088e-01
1.050000000000000888e+01 2.839121200513545773e-01
1.055000000000000782e+01 2.848332089099034348e-01
1.060000000000000853e+01 2.857542977684524033e-01
1.065000000000000924e+01 2.866753866270013162e-01
1.070000000000000817e+01 2.875964754855502292e-01
1.075000000000000888e+01 2.885175643440991422e-01
1.080000000000000782e+01 2.894386532026480552e-01
1.085000000000000853e+01 2.903597420611969682e-01
1.090000000000000924e+01 2.912808309197458811e-01
1.095000000000000817e+01 2.922019197782947941e-01
1.100000000000000888e+01 2.931230086368437071e-01
1.105000000000000959e+01 2.940440974953926756e-01
1.110000000000000853e+01 2.949651863539415331e-01
1.115000000000000924e+01 2.958862752124905016e-01
1.120000000000000995e+01 2.968073640710394145e-01
1.125000000000000888e+01 2.977284529295883275e-01
1.130000000000000959e+01 2.986495417881372405e-01
1.135000000000000853e+01 2.995706306466861535e-01
1.140000000000000924e+01 3.004917195052350665e-01
1.145000000000000995e+01 3.014128083637840350e-01
1.150000000000000888e+01 3.023338972223329479e-01
1.155000000000000959e+01 3.032549860808818609e-01
1.160000000000000853e+01 3.041760749394307739e-01
1.165000000000000924e+01 3.050971637979796869e-01
1.170000000000000995e+01 3.060182526565285999e-01
1.175000000000000888e+01 3.069393415150775128e-01
1.180000000000000959e+01 3.078604303736264258e-01
1.185000000000001030e+01 3.087815192321753388e-01
1.190000000000000924e+01 3.097026080907242518e-01
1.195000000000000995e+01 3.106236969492732203e-01
1.200000000000001066e+01 3.115447858078221333e-01
1.205000000000000959e+01 3.124658746663710462e-01
1.210000000000001030e+01 3.133869635249199592e-01
1.215000000000000924e+01 3.143080523834688722e-01
1.220000000000000995e+01 3.152291412420177852e-01
1.225000000000001066e+01 3.161502301005667537e-01
1.230000000000000959e+01 3.170713189591156111e-01
1.235000000000001030e+01 3.179924078176645796e-01
1.240000000000000924e+01 3.189134966762134371e-01
1.245000000000000995e+01 3.198345855347624056e-01
1.250000000000001066e+01 3.207556743933113186e-01
1.255000000000000959e+01 3.216767632518602316e-01
1.260000000000001030e+01 3.225978521104091445e-01
1.265000000000001101e+01 3.235189409689580575e-01
1.270000000000000995e+01 3.244400298275069705e-01
1.275000000000001066e+01 3.253611186860558835e-01
1.280000000000001137e+01 3.262822075446048520e-01
1.285000000000001030e+01 3.272032964031537094e-01
1.290000000000001101e+01 3.281243852617026779e-01
1.295000000000000995e+01 3.290454741202515909e-01
1.300000000000001066e+01 3.299665629788005039e-01
