# Converted from data/reactor/flux/Fallot_1208.3877/fallot_U238.dat with step of 0.010000
0.0500000000 1.0772400000
0.0600000000 1.3746410719
0.0700000000 1.6264033408
0.0800000000 1.8362211018
0.0900000000 2.0077886501
0.1000000000 2.1448002807
0.1100000000 2.2509502889
0.1200000000 2.3299329698
0.1300000000 2.3854426185
0.1400000000 2.4211735302
0.1500000000 2.4408200000
0.1600000000 2.4478518977
0.1700000000 2.4448413919
0.1800000000 2.4341362257
0.1900000000 2.4180841423
0.2000000000 2.3990328849
0.2100000000 2.3793301967
0.2200000000 2.3613238210
0.2300000000 2.3473615008
0.2400000000 2.3397909794
0.2500000000 2.3409600000
0.2600000000 2.3525269172
0.2700000000 2.3733925317
0.2800000000 2.4017682556
0.2900000000 2.4358655008
0.3000000000 2.4738956796
0.3100000000 2.5140702041
0.3200000000 2.5546004863
0.3300000000 2.5936979382
0.3400000000 2.6295739721
0.3500000000 2.6604400000
0.3600000000 2.6849676034
0.3700000000 2.7036690413
0.3800000000 2.7175167421
0.3900000000 2.7274831344
0.4000000000 2.7345406465
0.4100000000 2.7396617069
0.4200000000 2.7438187440
0.4300000000 2.7479841863
0.4400000000 2.7531304621
0.4500000000 2.7602300000
0.4600000000 2.7699769493
0.4700000000 2.7819523432
0.4800000000 2.7954589359
0.4900000000 2.8097994815
0.5000000000 2.8242767343
0.5100000000 2.8381934483
0.5200000000 2.8508523777
0.5300000000 2.8615562767
0.5400000000 2.8696078994
0.5500000000 2.8743100000
0.5600000000 2.8751841095
0.5700000000 2.8726268659
0.5800000000 2.8672536843
0.5900000000 2.8596799795
0.6000000000 2.8505211664
0.6100000000 2.8403926600
0.6200000000 2.8299098753
0.6300000000 2.8196882271
0.6400000000 2.8103431303
0.6500000000 2.8024900000
0.6600000000 2.7966047428
0.6700000000 2.7926052331
0.6800000000 2.7902698370
0.6900000000 2.7893769207
0.7000000000 2.7897048501
0.7100000000 2.7910319916
0.7200000000 2.7931367112
0.7300000000 2.7957973750
0.7400000000 2.7987923492
0.7500000000 2.8019000000
0.7600000000 2.8048995592
0.7700000000 2.8075737215
0.7800000000 2.8097060476
0.7900000000 2.8110800979
0.8000000000 2.8114794331
0.8100000000 2.8106876136
0.8200000000 2.8084882000
0.8300000000 2.8046647529
0.8400000000 2.7990008327
0.8500000000 2.7912800000
0.8600000000 2.7813656505
0.8700000000 2.7694405208
0.8800000000 2.7557671826
0.8900000000 2.7406082076
0.9000000000 2.7242261674
0.9100000000 2.7068836339
0.9200000000 2.6888431786
0.9300000000 2.6703673734
0.9400000000 2.6517187900
0.9500000000 2.6331600000
0.9600000000 2.6149103887
0.9700000000 2.5970165951
0.9800000000 2.5794820719
0.9900000000 2.5623102718
1.0000000000 2.5455046472
1.0100000000 2.5290686509
1.0200000000 2.5130057354
1.0300000000 2.4973193534
1.0400000000 2.4820129573
1.0500000000 2.4670900000
1.0600000000 2.4525255848
1.0700000000 2.4381814187
1.0800000000 2.4238908596
1.0900000000 2.4094872653
1.1000000000 2.3948039936
1.1100000000 2.3796744025
1.1200000000 2.3639318497
1.1300000000 2.3474096932
1.1400000000 2.3299412906
1.1500000000 2.3113600000
1.1600000000 2.2915703821
1.1700000000 2.2707618100
1.1800000000 2.2491948597
1.1900000000 2.2271301070
1.2000000000 2.2048281282
1.2100000000 2.1825494990
1.2200000000 2.1605547957
1.2300000000 2.1391045940
1.2400000000 2.1184594701
1.2500000000 2.0988800000
1.2600000000 2.0805756466
1.2700000000 2.0635514212
1.2800000000 2.0477612217
1.2900000000 2.0331589465
1.3000000000 2.0196984937
1.3100000000 2.0073337613
1.3200000000 1.9960186476
1.3300000000 1.9857070507
1.3400000000 1.9763528688
1.3500000000 1.9679100000
1.3600000000 1.9603166013
1.3700000000 1.9534478653
1.3800000000 1.9471632434
1.3900000000 1.9413221869
1.4000000000 1.9357841472
1.4100000000 1.9304085758
1.4200000000 1.9250549239
1.4300000000 1.9195826431
1.4400000000 1.9138511847
1.4500000000 1.9077200000
1.4600000000 1.9010854580
1.4700000000 1.8939915975
1.4800000000 1.8865193747
1.4900000000 1.8787497459
1.5000000000 1.8707636675
1.5100000000 1.8626420957
1.5200000000 1.8544659867
1.5300000000 1.8463162969
1.5400000000 1.8382739826
1.5500000000 1.8304200000
1.5600000000 1.8228152666
1.5700000000 1.8154405447
1.5800000000 1.8082565578
1.5900000000 1.8012240293
1.6000000000 1.7943036828
1.6100000000 1.7874562416
1.6200000000 1.7806424292
1.6300000000 1.7738229692
1.6400000000 1.7669585850
1.6500000000 1.7600100000
1.6600000000 1.7529441055
1.6700000000 1.7457524636
1.6800000000 1.7384328040
1.6900000000 1.7309828567
1.7000000000 1.7234003515
1.7100000000 1.7156830181
1.7200000000 1.7078285864
1.7300000000 1.6998347863
1.7400000000 1.6916993476
1.7500000000 1.6834200000
1.7600000000 1.6749956114
1.7700000000 1.6664296010
1.7800000000 1.6577265260
1.7900000000 1.6488909438
1.8000000000 1.6399274114
1.8100000000 1.6308404861
1.8200000000 1.6216347251
1.8300000000 1.6123146856
1.8400000000 1.6028849248
1.8500000000 1.5933500000
1.8600000000 1.5837234790
1.8700000000 1.5740549725
1.8800000000 1.5644031018
1.8900000000 1.5548264882
1.9000000000 1.5453837530
1.9100000000 1.5361335176
1.9200000000 1.5271344033
1.9300000000 1.5184450314
1.9400000000 1.5101240232
1.9500000000 1.5022300000
1.9600000000 1.4947953626
1.9700000000 1.4877476290
1.9800000000 1.4809880968
1.9900000000 1.4744180635
2.0000000000 1.4679388266
2.0100000000 1.4614516835
2.0200000000 1.4548579318
2.0300000000 1.4480588690
2.0400000000 1.4409557926
2.0500000000 1.4334500000
2.0600000000 1.4254718707
2.0700000000 1.4170681114
2.0800000000 1.4083145109
2.0900000000 1.3992868577
2.1000000000 1.3900609406
2.1100000000 1.3807125483
2.1200000000 1.3713174694
2.1300000000 1.3619514926
2.1400000000 1.3526904066
2.1500000000 1.3436100000
2.1600000000 1.3347702947
2.1700000000 1.3261682454
2.1800000000 1.3177850397
2.1900000000 1.3096018656
2.2000000000 1.3015999108
2.2100000000 1.2937603632
2.2200000000 1.2860644105
2.2300000000 1.2784932405
2.2400000000 1.2710280411
2.2500000000 1.2636500000
2.2600000000 1.2563413605
2.2700000000 1.2490885872
2.2800000000 1.2418792003
2.2900000000 1.2347007199
2.3000000000 1.2275406661
2.3100000000 1.2203865590
2.3200000000 1.2132259187
2.3300000000 1.2060462654
2.3400000000 1.1988351191
2.3500000000 1.1915800000
2.3600000000 1.1842765034
2.3700000000 1.1769525259
2.3800000000 1.1696440391
2.3900000000 1.1623870149
2.4000000000 1.1552174249
2.4100000000 1.1481712409
2.4200000000 1.1412844347
2.4300000000 1.1345929780
2.4400000000 1.1281328425
2.4500000000 1.1219400000
2.4600000000 1.1160323158
2.4700000000 1.1103552292
2.4800000000 1.1048360732
2.4900000000 1.0994021806
2.5000000000 1.0939808844
2.5100000000 1.0884995174
2.5200000000 1.0828854126
2.5300000000 1.0770659028
2.5400000000 1.0709683210
2.5500000000 1.0645200000
2.5600000000 1.0576759584
2.5700000000 1.0505019572
2.5800000000 1.0430914431
2.5900000000 1.0355378627
2.6000000000 1.0279346626
2.6100000000 1.0203752895
2.6200000000 1.0129531900
2.6300000000 1.0057618109
2.6400000000 0.9988945986
2.6500000000 0.9924450000
2.6600000000 0.9864790066
2.6700000000 0.9809527899
2.6800000000 0.9757950664
2.6900000000 0.9709345528
2.7000000000 0.9662999653
2.7100000000 0.9618200207
2.7200000000 0.9574234353
2.7300000000 0.9530389257
2.7400000000 0.9485952085
2.7500000000 0.9440210000
2.7600000000 0.9392608473
2.7700000000 0.9343226193
2.7800000000 0.9292300152
2.7900000000 0.9240067343
2.8000000000 0.9186764761
2.8100000000 0.9132629398
2.8200000000 0.9077898247
2.8300000000 0.9022808301
2.8400000000 0.8967596555
2.8500000000 0.8912500000
2.8600000000 0.8857728032
2.8700000000 0.8803379651
2.8800000000 0.8749526259
2.8900000000 0.8696239259
2.9000000000 0.8643590053
2.9100000000 0.8591650042
2.9200000000 0.8540490630
2.9300000000 0.8490183217
2.9400000000 0.8440799206
2.9500000000 0.8392410000
2.9600000000 0.8345067290
2.9700000000 0.8298743924
2.9800000000 0.8253393041
2.9900000000 0.8208967779
3.0000000000 0.8165421277
3.0100000000 0.8122706673
3.0200000000 0.8080777105
3.0300000000 0.8039585711
3.0400000000 0.7999085630
3.0500000000 0.7959230000
3.0600000000 0.7919947470
3.0700000000 0.7881068734
3.0800000000 0.7842399997
3.0900000000 0.7803747463
3.1000000000 0.7764917337
3.1100000000 0.7725715825
3.1200000000 0.7685949130
3.1300000000 0.7645423458
3.1400000000 0.7603945013
3.1500000000 0.7561320000
3.1600000000 0.7517422790
3.1700000000 0.7472400420
3.1800000000 0.7426468092
3.1900000000 0.7379841009
3.2000000000 0.7332734374
3.2100000000 0.7285363388
3.2200000000 0.7237943255
3.2300000000 0.7190689178
3.2400000000 0.7143816359
3.2500000000 0.7097540000
3.2600000000 0.7052021858
3.2700000000 0.7007209905
3.2800000000 0.6962998664
3.2900000000 0.6919282660
3.3000000000 0.6875956418
3.3100000000 0.6832914463
3.3200000000 0.6790051319
3.3300000000 0.6747261511
3.3400000000 0.6704439563
3.3500000000 0.6661480000
3.3600000000 0.6618306556
3.3700000000 0.6574959800
3.3800000000 0.6531509512
3.3900000000 0.6488025470
3.4000000000 0.6444577453
3.4100000000 0.6401235239
3.4200000000 0.6358068609
3.4300000000 0.6315147339
3.4400000000 0.6272541210
3.4500000000 0.6230320000
3.4600000000 0.6188528918
3.4700000000 0.6147114894
3.4800000000 0.6106000288
3.4900000000 0.6065107460
3.5000000000 0.6024358770
3.5100000000 0.5983676579
3.5200000000 0.5942983246
3.5300000000 0.5902201132
3.5400000000 0.5861252597
3.5500000000 0.5820060000
3.5600000000 0.5778583972
3.5700000000 0.5736938224
3.5800000000 0.5695274737
3.5900000000 0.5653745491
3.6000000000 0.5612502466
3.6100000000 0.5571697645
3.6200000000 0.5531483006
3.6300000000 0.5492010532
3.6400000000 0.5453432203
3.6500000000 0.5415900000
3.6600000000 0.5379520463
3.6700000000 0.5344218368
3.6800000000 0.5309873054
3.6900000000 0.5276363858
3.7000000000 0.5243570115
3.7100000000 0.5211371163
3.7200000000 0.5179646338
3.7300000000 0.5148274978
3.7400000000 0.5117136420
3.7500000000 0.5086110000
3.7600000000 0.5055093688
3.7700000000 0.5024059982
3.7800000000 0.4993000015
3.7900000000 0.4961904919
3.8000000000 0.4930765825
3.8100000000 0.4899573865
3.8200000000 0.4868320170
3.8300000000 0.4836995874
3.8400000000 0.4805592106
3.8500000000 0.4774100000
3.8600000000 0.4742499767
3.8700000000 0.4710727944
3.8800000000 0.4678710145
3.8900000000 0.4646371987
3.9000000000 0.4613639086
3.9100000000 0.4580437059
3.9200000000 0.4546691520
3.9300000000 0.4512328087
3.9400000000 0.4477272375
3.9500000000 0.4441450000
3.9600000000 0.4404834683
3.9700000000 0.4367592564
3.9800000000 0.4329937886
3.9900000000 0.4292084893
4.0000000000 0.4254247830
4.0100000000 0.4216640941
4.0200000000 0.4179478469
4.0300000000 0.4142974659
4.0400000000 0.4107343755
4.0500000000 0.4072800000
4.0600000000 0.4039491140
4.0700000000 0.4007298921
4.0800000000 0.3976038592
4.0900000000 0.3945525400
4.1000000000 0.3915574593
4.1100000000 0.3886001418
4.1200000000 0.3856621124
4.1300000000 0.3827248958
4.1400000000 0.3797700167
4.1500000000 0.3767790000
4.1600000000 0.3737392367
4.1700000000 0.3706615831
4.1800000000 0.3675627615
4.1900000000 0.3644594946
4.2000000000 0.3613685048
4.2100000000 0.3583065146
4.2200000000 0.3552902465
4.2300000000 0.3523364231
4.2400000000 0.3494617667
4.2500000000 0.3466830000
4.2600000000 0.3440111962
4.2700000000 0.3414348317
4.2800000000 0.3389367337
4.2900000000 0.3364997296
4.3000000000 0.3341066465
4.3100000000 0.3317403117
4.3200000000 0.3293835524
4.3300000000 0.3270191959
4.3400000000 0.3246300693
4.3500000000 0.3221990000
4.3600000000 0.3197130837
4.3700000000 0.3171764903
4.3800000000 0.3145976586
4.3900000000 0.3119850270
4.4000000000 0.3093470341
4.4100000000 0.3066921185
4.4200000000 0.3040287187
4.4300000000 0.3013652733
4.4400000000 0.2987102209
4.4500000000 0.2960720000
4.4600000000 0.2934570272
4.4700000000 0.2908636310
4.4800000000 0.2882881180
4.4900000000 0.2857267945
4.5000000000 0.2831759672
4.5100000000 0.2806319425
4.5200000000 0.2780910269
4.5300000000 0.2755495269
4.5400000000 0.2730037491
4.5500000000 0.2704500000
4.5600000000 0.2678865645
4.5700000000 0.2653196416
4.5800000000 0.2627574086
4.5900000000 0.2602080430
4.6000000000 0.2576797223
4.6100000000 0.2551806237
4.6200000000 0.2527189248
4.6300000000 0.2503028029
4.6400000000 0.2479404355
4.6500000000 0.2456400000
4.6600000000 0.2434074728
4.6700000000 0.2412400268
4.6800000000 0.2391326337
4.6900000000 0.2370802654
4.7000000000 0.2350778938
4.7100000000 0.2331204906
4.7200000000 0.2312030279
4.7300000000 0.2293204773
4.7400000000 0.2274678107
4.7500000000 0.2256400000
4.7600000000 0.2238320832
4.7700000000 0.2220393634
4.7800000000 0.2202572097
4.7900000000 0.2184809914
4.8000000000 0.2167060777
4.8100000000 0.2149278377
4.8200000000 0.2131416407
4.8300000000 0.2113428560
4.8400000000 0.2095268527
4.8500000000 0.2076890000
4.8600000000 0.2058267332
4.8700000000 0.2039457516
4.8800000000 0.2020538204
4.8900000000 0.2001587050
4.9000000000 0.1982681706
4.9100000000 0.1963899826
4.9200000000 0.1945319062
4.9300000000 0.1927017068
4.9400000000 0.1909071496
4.9500000000 0.1891560000
4.9600000000 0.1874537409
4.9700000000 0.1857967263
4.9800000000 0.1841790277
4.9900000000 0.1825947167
5.0000000000 0.1810378650
5.0100000000 0.1795025440
5.0200000000 0.1779828254
5.0300000000 0.1764727809
5.0400000000 0.1749664818
5.0500000000 0.1734580000
5.0600000000 0.1719423700
5.0700000000 0.1704184792
5.0800000000 0.1688861777
5.0900000000 0.1673453161
5.1000000000 0.1657957445
5.1100000000 0.1642373134
5.1200000000 0.1626698730
5.1300000000 0.1610932738
5.1400000000 0.1595073660
5.1500000000 0.1579120000
5.1600000000 0.1563074199
5.1700000000 0.1546954450
5.1800000000 0.1530782884
5.1900000000 0.1514581630
5.2000000000 0.1498372821
5.2100000000 0.1482178586
5.2200000000 0.1466021055
5.2300000000 0.1449922360
5.2400000000 0.1433904632
5.2500000000 0.1417990000
5.2600000000 0.1402199383
5.2700000000 0.1386548847
5.2800000000 0.1371053247
5.2900000000 0.1355727438
5.3000000000 0.1340586272
5.3100000000 0.1325644604
5.3200000000 0.1310917289
5.3300000000 0.1296419181
5.3400000000 0.1282165133
5.3500000000 0.1268170000
5.3600000000 0.1254442699
5.3700000000 0.1240968401
5.3800000000 0.1227726336
5.3900000000 0.1214695739
5.4000000000 0.1201855842
5.4100000000 0.1189185877
5.4200000000 0.1176665078
5.4300000000 0.1164272677
5.4400000000 0.1151987907
5.4500000000 0.1139790000
5.4600000000 0.1127663300
5.4700000000 0.1115612591
5.4800000000 0.1103647768
5.4900000000 0.1091778726
5.5000000000 0.1080015360
5.5100000000 0.1068367566
5.5200000000 0.1056845238
5.5300000000 0.1045458271
5.5400000000 0.1034216560
5.5500000000 0.1023130000
5.5600000000 0.1012205715
5.5700000000 0.1001439741
5.5800000000 0.0990825344
5.5900000000 0.0980355789
5.6000000000 0.0970024342
5.6100000000 0.0959824267
5.6200000000 0.0949748830
5.6300000000 0.0939791296
5.6400000000 0.0929944931
5.6500000000 0.0920203000
5.6600000000 0.0910560685
5.6700000000 0.0901020837
5.6800000000 0.0891588224
5.6900000000 0.0882267613
5.7000000000 0.0873063773
5.7100000000 0.0863981471
5.7200000000 0.0855025475
5.7300000000 0.0846200553
5.7400000000 0.0837511472
5.7500000000 0.0828963000
5.7600000000 0.0820554388
5.7700000000 0.0812262814
5.7800000000 0.0804059941
5.7900000000 0.0795917429
5.8000000000 0.0787806940
5.8100000000 0.0779700137
5.8200000000 0.0771568679
5.8300000000 0.0763384230
5.8400000000 0.0755118449
5.8500000000 0.0746743000
5.8600000000 0.0738239908
5.8700000000 0.0729632658
5.8800000000 0.0720955101
5.8900000000 0.0712241087
5.9000000000 0.0703524465
5.9100000000 0.0694839086
5.9200000000 0.0686218800
5.9300000000 0.0677697457
5.9400000000 0.0669308907
5.9500000000 0.0661087000
5.9600000000 0.0653059864
5.9700000000 0.0645232737
5.9800000000 0.0637605135
5.9900000000 0.0630176575
6.0000000000 0.0622946573
6.0100000000 0.0615914646
6.0200000000 0.0609080308
6.0300000000 0.0602443077
6.0400000000 0.0596002469
6.0500000000 0.0589758000
6.0600000000 0.0583704865
6.0700000000 0.0577820979
6.0800000000 0.0572079934
6.0900000000 0.0566455324
6.1000000000 0.0560920741
6.1100000000 0.0555449779
6.1200000000 0.0550016031
6.1300000000 0.0544593089
6.1400000000 0.0539154548
6.1500000000 0.0533674000
6.1600000000 0.0528134255
6.1700000000 0.0522554987
6.1800000000 0.0516965088
6.1900000000 0.0511393450
6.2000000000 0.0505868963
6.2100000000 0.0500420519
6.2200000000 0.0495077010
6.2300000000 0.0489867326
6.2400000000 0.0484820359
6.2500000000 0.0479965000
6.2600000000 0.0475321396
6.2700000000 0.0470874713
6.2800000000 0.0466601373
6.2900000000 0.0462477797
6.3000000000 0.0458480407
6.3100000000 0.0454585624
6.3200000000 0.0450769871
6.3300000000 0.0447009568
6.3400000000 0.0443281137
6.3500000000 0.0439561000
6.3600000000 0.0435829815
6.3700000000 0.0432085185
6.3800000000 0.0428328952
6.3900000000 0.0424562955
6.4000000000 0.0420789035
6.4100000000 0.0417009032
6.4200000000 0.0413224787
6.4300000000 0.0409438139
6.4400000000 0.0405650930
6.4500000000 0.0401865000
6.4600000000 0.0398082203
6.4700000000 0.0394304450
6.4800000000 0.0390533666
6.4900000000 0.0386771775
6.5000000000 0.0383020704
6.5100000000 0.0379282376
6.5200000000 0.0375558717
6.5300000000 0.0371851651
6.5400000000 0.0368163104
6.5500000000 0.0364495000
6.5600000000 0.0360847608
6.5700000000 0.0357214568
6.5800000000 0.0353587864
6.5900000000 0.0349959480
6.6000000000 0.0346321400
6.6100000000 0.0342665608
6.6200000000 0.0338984089
6.6300000000 0.0335268825
6.6400000000 0.0331511800
6.6500000000 0.0327705000
6.6600000000 0.0323845644
6.6700000000 0.0319951904
6.6800000000 0.0316047186
6.6900000000 0.0312154897
6.7000000000 0.0308298446
6.7100000000 0.0304501238
6.7200000000 0.0300786683
6.7300000000 0.0297178186
6.7400000000 0.0293699156
6.7500000000 0.0290373000
6.7600000000 0.0287213226
6.7700000000 0.0284193745
6.7800000000 0.0281278571
6.7900000000 0.0278431716
6.8000000000 0.0275617192
6.8100000000 0.0272799014
6.8200000000 0.0269941193
6.8300000000 0.0267007741
6.8400000000 0.0263962673
6.8500000000 0.0260770000
6.8600000000 0.0257406509
6.8700000000 0.0253900085
6.8800000000 0.0250291384
6.8900000000 0.0246621065
6.9000000000 0.0242929785
6.9100000000 0.0239258202
6.9200000000 0.0235646975
6.9300000000 0.0232136760
6.9400000000 0.0228768216
6.9500000000 0.0225582000
6.9600000000 0.0222605332
6.9700000000 0.0219811676
6.9800000000 0.0217161059
6.9900000000 0.0214613506
7.0000000000 0.0212129043
7.0100000000 0.0209667697
7.0200000000 0.0207189494
7.0300000000 0.0204654459
7.0400000000 0.0202022619
7.0500000000 0.0199254000
7.0600000000 0.0196322254
7.0700000000 0.0193255539
7.0800000000 0.0190095638
7.0900000000 0.0186884337
7.1000000000 0.0183663417
7.1100000000 0.0180474665
7.1200000000 0.0177359863
7.1300000000 0.0174360796
7.1400000000 0.0171519247
7.1500000000 0.0168877000
7.1600000000 0.0166462995
7.1700000000 0.0164254793
7.1800000000 0.0162217109
7.1900000000 0.0160314660
7.2000000000 0.0158512162
7.2100000000 0.0156774331
7.2200000000 0.0155065883
7.2300000000 0.0153351535
7.2400000000 0.0151596002
7.2500000000 0.0149764000
7.2600000000 0.0147828879
7.2700000000 0.0145798522
7.2800000000 0.0143689443
7.2900000000 0.0141518159
7.3000000000 0.0139301184
7.3100000000 0.0137055034
7.3200000000 0.0134796226
7.3300000000 0.0132541273
7.3400000000 0.0130306693
7.3500000000 0.0128109000
7.3600000000 0.0125961650
7.3700000000 0.0123865856
7.3800000000 0.0121819773
7.3900000000 0.0119821554
7.4000000000 0.0117869353
7.4100000000 0.0115961324
7.4200000000 0.0114095620
7.4300000000 0.0112270396
7.4400000000 0.0110483804
7.4500000000 0.0108734000
7.4600000000 0.0107019776
7.4700000000 0.0105342486
7.4800000000 0.0103704121
7.4900000000 0.0102106676
7.5000000000 0.0100552143
7.5100000000 0.0099042514
7.5200000000 0.0097579782
7.5300000000 0.0096165941
7.5400000000 0.0094802983
7.5500000000 0.0093492900
7.5600000000 0.0092235748
7.5700000000 0.0091023829
7.5800000000 0.0089847509
7.5900000000 0.0088697153
7.6000000000 0.0087563126
7.6100000000 0.0086435793
7.6200000000 0.0085305518
7.6300000000 0.0084162668
7.6400000000 0.0082997607
7.6500000000 0.0081800700
7.6600000000 0.0080565094
7.6700000000 0.0079295061
7.6800000000 0.0077997655
7.6900000000 0.0076679931
7.7000000000 0.0075348941
7.7100000000 0.0074011740
7.7200000000 0.0072675381
7.7300000000 0.0071346919
7.7400000000 0.0070033407
7.7500000000 0.0068741900
7.7600000000 0.0067478167
7.7700000000 0.0066242842
7.7800000000 0.0065035277
7.7900000000 0.0063854820
7.8000000000 0.0062700823
7.8100000000 0.0061572637
7.8200000000 0.0060469611
7.8300000000 0.0059391096
7.8400000000 0.0058336442
7.8500000000 0.0057305000
7.8600000000 0.0056295792
7.8700000000 0.0055306532
7.8800000000 0.0054334602
7.8900000000 0.0053377390
7.9000000000 0.0052432278
7.9100000000 0.0051496652
7.9200000000 0.0050567896
7.9300000000 0.0049643396
7.9400000000 0.0048720536
7.9500000000 0.0047796700
7.9600000000 0.0046869200
7.9700000000 0.0045935050
7.9800000000 0.0044991190
7.9900000000 0.0044034561
8.0000000000 0.0043062103
8.0100000000 0.0042070757
8.0200000000 0.0041057463
8.0300000000 0.0040019162
8.0400000000 0.0038952794
8.0500000000 0.0037855300
8.0600000000 0.0036726806
8.0700000000 0.0035580183
8.0800000000 0.0034431488
8.0900000000 0.0033296778
8.1000000000 0.0032192111
8.1100000000 0.0031133542
8.1200000000 0.0030137130
8.1300000000 0.0029218931
8.1400000000 0.0028395002
8.1500000000 0.0027681400
8.1600000000 0.0027088269
8.1700000000 0.0026602098
8.1800000000 0.0026203463
8.1900000000 0.0025872940
8.2000000000 0.0025591104
8.2100000000 0.0025338533
8.2200000000 0.0025095800
8.2300000000 0.0024843484
8.2400000000 0.0024562158
8.2500000000 0.0024232400
8.2600000000 0.0023840250
8.2700000000 0.0023393611
8.2800000000 0.0022905850
8.2900000000 0.0022390335
8.3000000000 0.0021860434
8.3100000000 0.0021329514
8.3200000000 0.0020810943
8.3300000000 0.0020318089
8.3400000000 0.0019864319
8.3500000000 0.0019463000
8.3600000000 0.0019123491
8.3700000000 0.0018839109
8.3800000000 0.0018599163
8.3900000000 0.0018392960
8.4000000000 0.0018209809
8.4100000000 0.0018039016
8.4200000000 0.0017869891
8.4300000000 0.0017691742
8.4400000000 0.0017493875
8.4500000000 0.0017265600
8.4600000000 0.0016999337
8.4700000000 0.0016699957
8.4800000000 0.0016375447
8.4900000000 0.0016033789
8.5000000000 0.0015682969
8.5100000000 0.0015330972
8.5200000000 0.0014985781
8.5300000000 0.0014655383
8.5400000000 0.0014347761
8.5500000000 0.0014070900
8.5600000000 0.0013830630
8.5700000000 0.0013624159
8.5800000000 0.0013446541
8.5900000000 0.0013292829
8.6000000000 0.0013158078
8.6100000000 0.0013037340
8.6200000000 0.0012925670
8.6300000000 0.0012818121
8.6400000000 0.0012709746
8.6500000000 0.0012595600
8.6600000000 0.0012471861
8.6700000000 0.0012339212
8.6800000000 0.0012199461
8.6900000000 0.0012054415
8.7000000000 0.0011905882
8.7100000000 0.0011755671
8.7200000000 0.0011605590
8.7300000000 0.0011457445
8.7400000000 0.0011313046
8.7500000000 0.0011174200
8.7600000000 0.0011042143
8.7700000000 0.0010915826
8.7800000000 0.0010793626
8.7900000000 0.0010673923
8.8000000000 0.0010555094
8.8100000000 0.0010435518
8.8200000000 0.0010313573
8.8300000000 0.0010187638
8.8400000000 0.0010056091
8.8500000000 0.0009917310
8.8600000000 0.0009770241
8.8700000000 0.0009616096
8.8800000000 0.0009456657
8.8900000000 0.0009293702
8.9000000000 0.0009129013
8.9100000000 0.0008964368
8.9200000000 0.0008801548
8.9300000000 0.0008642334
8.9400000000 0.0008488504
8.9500000000 0.0008341840
8.9600000000 0.0008203691
8.9700000000 0.0008073690
8.9800000000 0.0007951040
8.9900000000 0.0007834941
9.0000000000 0.0007724598
9.0100000000 0.0007619212
9.0200000000 0.0007517986
9.0300000000 0.0007420122
9.0400000000 0.0007324822
9.0500000000 0.0007231290
9.0600000000 0.0007138843
9.0700000000 0.0007047264
9.0800000000 0.0006956452
9.0900000000 0.0006866305
9.1000000000 0.0006776722
9.1100000000 0.0006687601
9.1200000000 0.0006598841
9.1300000000 0.0006510340
9.1400000000 0.0006421997
9.1500000000 0.0006333710
9.1600000000 0.0006245444
9.1700000000 0.0006157426
9.1800000000 0.0006069950
9.1900000000 0.0005983308
9.2000000000 0.0005897794
9.2100000000 0.0005813701
9.2200000000 0.0005731322
9.2300000000 0.0005650950
9.2400000000 0.0005572878
9.2500000000 0.0005497400
9.2600000000 0.0005424727
9.2700000000 0.0005354742
9.2800000000 0.0005287246
9.2900000000 0.0005222042
9.3000000000 0.0005158930
9.3100000000 0.0005097713
9.3200000000 0.0005038190
9.3300000000 0.0004980165
9.3400000000 0.0004923437
9.3500000000 0.0004867810
9.3600000000 0.0004813025
9.3700000000 0.0004758591
9.3800000000 0.0004703959
9.3900000000 0.0004648577
9.4000000000 0.0004591897
9.4100000000 0.0004533368
9.4200000000 0.0004472439
9.4300000000 0.0004408562
9.4400000000 0.0004341185
9.4500000000 0.0004269760
9.4600000000 0.0004194019
9.4700000000 0.0004114834
9.4800000000 0.0004033356
9.4900000000 0.0003950741
9.5000000000 0.0003868142
9.5100000000 0.0003786713
9.5200000000 0.0003707607
9.5300000000 0.0003631979
9.5400000000 0.0003560982
9.5500000000 0.0003495770
9.5600000000 0.0003437142
9.5700000000 0.0003384482
9.5800000000 0.0003336816
9.5900000000 0.0003293175
9.6000000000 0.0003252585
9.6100000000 0.0003214075
9.6200000000 0.0003176673
9.6300000000 0.0003139408
9.6400000000 0.0003101307
9.6500000000 0.0003061400
9.6600000000 0.0003018951
9.6700000000 0.0002974175
9.6800000000 0.0002927523
9.6900000000 0.0002879447
9.7000000000 0.0002830398
9.7100000000 0.0002780828
9.7200000000 0.0002731187
9.7300000000 0.0002681928
9.7400000000 0.0002633502
9.7500000000 0.0002586360
9.7600000000 0.0002540830
9.7700000000 0.0002496747
9.7800000000 0.0002453820
9.7900000000 0.0002411759
9.8000000000 0.0002370275
9.8100000000 0.0002329079
9.8200000000 0.0002287880
9.8300000000 0.0002246388
9.8400000000 0.0002204315
9.8500000000 0.0002161370
9.8600000000 0.0002117400
9.8700000000 0.0002072800
9.8800000000 0.0002028099
9.8900000000 0.0001983829
9.9000000000 0.0001940521
9.9100000000 0.0001898706
9.9200000000 0.0001858913
9.9300000000 0.0001821674
9.9400000000 0.0001787519
9.9500000000 0.0001756980
9.9600000000 0.0001730402
9.9700000000 0.0001707391
9.9800000000 0.0001687368
9.9900000000 0.0001669754
10.0000000000 0.0001653970
10.0100000000 0.0001639438
10.0200000000 0.0001625578
10.0300000000 0.0001611810
10.0400000000 0.0001597558
10.0500000000 0.0001582240
10.0600000000 0.0001565429
10.0700000000 0.0001547299
10.0800000000 0.0001528175
10.0900000000 0.0001508380
10.1000000000 0.0001488240
10.1100000000 0.0001468078
10.1200000000 0.0001448220
10.1300000000 0.0001428989
10.1400000000 0.0001410711
10.1500000000 0.0001393710
10.1600000000 0.0001378224
10.1700000000 0.0001364144
10.1800000000 0.0001351277
10.1900000000 0.0001339427
10.2000000000 0.0001328400
10.2100000000 0.0001318002
10.2200000000 0.0001308037
10.2300000000 0.0001298312
10.2400000000 0.0001288631
10.2500000000 0.0001278800
10.2600000000 0.0001268666
10.2700000000 0.0001258238
10.2800000000 0.0001247567
10.2900000000 0.0001236704
10.3000000000 0.0001225701
10.3100000000 0.0001214607
10.3200000000 0.0001203474
10.3300000000 0.0001192353
10.3400000000 0.0001181295
10.3500000000 0.0001170350
10.3600000000 0.0001159559
10.3700000000 0.0001148920
10.3800000000 0.0001138419
10.3900000000 0.0001128045
10.4000000000 0.0001117784
10.4100000000 0.0001107624
10.4200000000 0.0001097551
10.4300000000 0.0001087553
10.4400000000 0.0001077617
10.4500000000 0.0001067730
10.4600000000 0.0001057882
10.4700000000 0.0001048074
10.4800000000 0.0001038307
10.4900000000 0.0001028584
10.5000000000 0.0001018909
10.5100000000 0.0001009282
10.5200000000 0.0000999708
10.5300000000 0.0000990189
10.5400000000 0.0000980728
10.5500000000 0.0000971326
10.5600000000 0.0000961985
10.5700000000 0.0000952697
10.5800000000 0.0000943454
10.5900000000 0.0000934246
10.6000000000 0.0000925063
10.6100000000 0.0000915897
10.6200000000 0.0000906738
10.6300000000 0.0000897577
10.6400000000 0.0000888405
10.6500000000 0.0000879213
10.6600000000 0.0000869995
10.6700000000 0.0000860765
10.6800000000 0.0000851538
10.6900000000 0.0000842332
10.7000000000 0.0000833163
10.7100000000 0.0000824048
10.7200000000 0.0000815004
10.7300000000 0.0000806047
10.7400000000 0.0000797195
10.7500000000 0.0000788464
10.7600000000 0.0000779865
10.7700000000 0.0000771388
10.7800000000 0.0000763018
10.7900000000 0.0000754739
10.8000000000 0.0000746534
10.8100000000 0.0000738390
10.8200000000 0.0000730289
10.8300000000 0.0000722216
10.8400000000 0.0000714156
10.8500000000 0.0000706093
10.8600000000 0.0000698016
10.8700000000 0.0000689935
10.8800000000 0.0000681864
10.8900000000 0.0000673817
10.9000000000 0.0000665809
10.9100000000 0.0000657854
10.9200000000 0.0000649967
10.9300000000 0.0000642161
10.9400000000 0.0000634451
10.9500000000 0.0000626852
10.9600000000 0.0000619373
10.9700000000 0.0000612008
10.9800000000 0.0000604744
10.9900000000 0.0000597570
11.0000000000 0.0000590474
11.0100000000 0.0000583445
11.0200000000 0.0000576471
11.0300000000 0.0000569541
11.0400000000 0.0000562642
11.0500000000 0.0000555764
11.0600000000 0.0000548896
11.0700000000 0.0000542038
11.0800000000 0.0000535190
11.0900000000 0.0000528354
11.1000000000 0.0000521529
11.1100000000 0.0000514718
11.1200000000 0.0000507920
11.1300000000 0.0000501138
11.1400000000 0.0000494371
11.1500000000 0.0000487620
11.1600000000 0.0000480888
11.1700000000 0.0000474184
11.1800000000 0.0000467519
11.1900000000 0.0000460901
11.2000000000 0.0000454342
11.2100000000 0.0000447852
11.2200000000 0.0000441441
11.2300000000 0.0000435119
11.2400000000 0.0000428898
11.2500000000 0.0000422786
11.2600000000 0.0000416786
11.2700000000 0.0000410867
11.2800000000 0.0000404987
11.2900000000 0.0000399106
11.3000000000 0.0000393185
11.3100000000 0.0000387182
11.3200000000 0.0000381057
11.3300000000 0.0000374771
11.3400000000 0.0000368282
11.3500000000 0.0000361551
11.3600000000 0.0000354554
11.3700000000 0.0000347337
11.3800000000 0.0000339963
11.3900000000 0.0000332494
11.4000000000 0.0000324995
11.4100000000 0.0000317528
11.4200000000 0.0000310155
11.4300000000 0.0000302941
11.4400000000 0.0000295947
11.4500000000 0.0000289237
11.4600000000 0.0000282861
11.4700000000 0.0000276814
11.4800000000 0.0000271081
11.4900000000 0.0000265644
11.5000000000 0.0000260487
11.5100000000 0.0000255593
11.5200000000 0.0000250945
11.5300000000 0.0000246526
11.5400000000 0.0000242320
11.5500000000 0.0000238309
11.5600000000 0.0000234467
11.5700000000 0.0000230726
11.5800000000 0.0000227006
11.5900000000 0.0000223229
11.6000000000 0.0000219318
11.6100000000 0.0000215192
11.6200000000 0.0000210774
11.6300000000 0.0000205985
11.6400000000 0.0000200747
11.6500000000 0.0000194980
11.6600000000 0.0000188643
11.6700000000 0.0000181841
11.6800000000 0.0000174713
11.6900000000 0.0000167402
11.7000000000 0.0000160047
11.7100000000 0.0000152790
11.7200000000 0.0000145772
11.7300000000 0.0000139134
11.7400000000 0.0000133016
11.7500000000 0.0000127559
11.7600000000 0.0000122866
11.7700000000 0.0000118883
11.7800000000 0.0000115519
11.7900000000 0.0000112683
11.8000000000 0.0000110283
11.8100000000 0.0000108226
11.8200000000 0.0000106422
11.8300000000 0.0000104780
11.8400000000 0.0000103206
11.8500000000 0.0000101610
11.8600000000 0.0000099918
11.8700000000 0.0000098130
11.8800000000 0.0000096262
11.8900000000 0.0000094333
11.9000000000 0.0000092359
11.9100000000 0.0000090358
11.9200000000 0.0000088346
11.9300000000 0.0000086343
11.9400000000 0.0000084364
11.9500000000 0.0000082427
11.9600000000 0.0000080545
11.9700000000 0.0000078711
11.9800000000 0.0000076912
11.9900000000 0.0000075136
12.0000000000 0.0000073373
12.0100000000 0.0000071609
12.0200000000 0.0000069832
12.0300000000 0.0000068032
12.0400000000 0.0000066196
12.0500000000 0.0000064311
12.0600000000 0.0000062367
12.0700000000 0.0000060355
12.0800000000 0.0000058266
12.0900000000 0.0000056094
12.1000000000 0.0000053829
12.1100000000 0.0000051464
12.1200000000 0.0000048990
12.1300000000 0.0000046400
12.1400000000 0.0000043685
12.1500000000 0.0000040838
12.1600000000 0.0000037860
12.1700000000 0.0000034792
12.1800000000 0.0000031687
12.1900000000 0.0000028596
12.2000000000 0.0000025570
12.2100000000 0.0000022661
12.2200000000 0.0000019921
12.2300000000 0.0000017400
12.2400000000 0.0000015150
12.2500000000 0.0000013224
12.2600000000 0.0000011656
12.2700000000 0.0000010418
12.2800000000 0.0000009469
12.2900000000 0.0000008762
12.3000000000 0.0000008256
12.3100000000 0.0000007907
12.3200000000 0.0000007671
12.3300000000 0.0000007504
12.3400000000 0.0000007364
12.3500000000 0.0000007206
12.3600000000 0.0000006996
12.3700000000 0.0000006738
12.3800000000 0.0000006442
12.3900000000 0.0000006121
12.4000000000 0.0000005787
12.4100000000 0.0000005452
12.4200000000 0.0000005128
12.4300000000 0.0000004827
12.4400000000 0.0000004561
12.4500000000 0.0000004342
12.4600000000 0.0000004178
12.4700000000 0.0000004065
12.4800000000 0.0000003997
12.4900000000 0.0000003965
12.5000000000 0.0000003962
12.5100000000 0.0000003980
12.5200000000 0.0000004013
12.5300000000 0.0000004052
12.5400000000 0.0000004090
12.5500000000 0.0000004120
12.5600000000 0.0000004136
12.5700000000 0.0000004138
12.5800000000 0.0000004128
12.5900000000 0.0000004108
12.6000000000 0.0000004081
12.6100000000 0.0000004047
12.6200000000 0.0000004011
12.6300000000 0.0000003972
12.6400000000 0.0000003934
12.6500000000 0.0000003898
12.6600000000 0.0000003866
12.6700000000 0.0000003837
12.6800000000 0.0000003812
12.6900000000 0.0000003790
12.7000000000 0.0000003770
12.7100000000 0.0000003751
12.7200000000 0.0000003733
12.7300000000 0.0000003716
12.7400000000 0.0000003699
12.7500000000 0.0000003681
12.7600000000 0.0000003662
12.7700000000 0.0000003642
12.7800000000 0.0000003621
12.7900000000 0.0000003600
12.8000000000 0.0000003578
12.8100000000 0.0000003555
12.8200000000 0.0000003532
12.8300000000 0.0000003509
12.8400000000 0.0000003486
12.8500000000 0.0000003463
12.8600000000 0.0000003440
12.8700000000 0.0000003417
12.8800000000 0.0000003395
12.8900000000 0.0000003373
12.9000000000 0.0000003351
12.9100000000 0.0000003329
12.9200000000 0.0000003307
12.9300000000 0.0000003286
12.9400000000 0.0000003265
12.9500000000 0.0000003244
12.9600000000 0.0000003223
12.9700000000 0.0000003203
12.9800000000 0.0000003182
12.9900000000 0.0000003162
13.0000000000 0.0000003142
13.0100000000 0.0000003122
13.0200000000 0.0000003102
13.0300000000 0.0000003082
13.0400000000 0.0000003062
13.0500000000 0.0000003042
13.0600000000 0.0000003022
13.0700000000 0.0000003002
13.0800000000 0.0000002982
13.0900000000 0.0000002962
13.1000000000 0.0000002942
13.1100000000 0.0000002923
13.1200000000 0.0000002903
13.1300000000 0.0000002883
13.1400000000 0.0000002863
13.1500000000 0.0000002843
13.1600000000 0.0000002824
13.1700000000 0.0000002804
13.1800000000 0.0000002785
13.1900000000 0.0000002765
13.2000000000 0.0000002745
13.2100000000 0.0000002726
13.2200000000 0.0000002706
13.2300000000 0.0000002686
13.2400000000 0.0000002666
13.2500000000 0.0000002646
13.2600000000 0.0000002626
13.2700000000 0.0000002605
13.2800000000 0.0000002585
13.2900000000 0.0000002564
13.3000000000 0.0000002544
13.3100000000 0.0000002523
13.3200000000 0.0000002503
13.3300000000 0.0000002483
13.3400000000 0.0000002463
13.3500000000 0.0000002444
13.3600000000 0.0000002425
13.3700000000 0.0000002406
13.3800000000 0.0000002388
13.3900000000 0.0000002370
13.4000000000 0.0000002352
13.4100000000 0.0000002334
13.4200000000 0.0000002316
13.4300000000 0.0000002299
13.4400000000 0.0000002281
13.4500000000 0.0000002264
13.4600000000 0.0000002246
13.4700000000 0.0000002229
13.4800000000 0.0000002211
13.4900000000 0.0000002193
13.5000000000 0.0000002175
13.5100000000 0.0000002158
13.5200000000 0.0000002140
13.5300000000 0.0000002122
13.5400000000 0.0000002105
13.5500000000 0.0000002087
13.5600000000 0.0000002069
13.5700000000 0.0000002052
13.5800000000 0.0000002034
13.5900000000 0.0000002017
13.6000000000 0.0000001999
13.6100000000 0.0000001982
13.6200000000 0.0000001965
13.6300000000 0.0000001948
13.6400000000 0.0000001931
13.6500000000 0.0000001914
13.6600000000 0.0000001897
13.6700000000 0.0000001880
13.6800000000 0.0000001863
13.6900000000 0.0000001846
13.7000000000 0.0000001830
13.7100000000 0.0000001813
13.7200000000 0.0000001796
13.7300000000 0.0000001779
13.7400000000 0.0000001762
13.7500000000 0.0000001745
13.7600000000 0.0000001728
13.7700000000 0.0000001710
13.7800000000 0.0000001693
13.7900000000 0.0000001676
13.8000000000 0.0000001658
13.8100000000 0.0000001641
13.8200000000 0.0000001624
13.8300000000 0.0000001607
13.8400000000 0.0000001590
13.8500000000 0.0000001574
13.8600000000 0.0000001557
13.8700000000 0.0000001541
13.8800000000 0.0000001526
13.8900000000 0.0000001510
13.9000000000 0.0000001495
13.9100000000 0.0000001479
13.9200000000 0.0000001464
13.9300000000 0.0000001449
13.9400000000 0.0000001434
13.9500000000 0.0000001419
13.9600000000 0.0000001404
13.9700000000 0.0000001389
13.9800000000 0.0000001374
13.9900000000 0.0000001358
14.0000000000 0.0000001343
14.0100000000 0.0000001328
14.0200000000 0.0000001313
14.0300000000 0.0000001298
14.0400000000 0.0000001284
14.0500000000 0.0000001269
14.0600000000 0.0000001254
14.0700000000 0.0000001239
14.0800000000 0.0000001225
14.0900000000 0.0000001210
14.1000000000 0.0000001196
14.1100000000 0.0000001181
14.1200000000 0.0000001167
14.1300000000 0.0000001153
14.1400000000 0.0000001138
14.1500000000 0.0000001124
14.1600000000 0.0000001110
14.1700000000 0.0000001096
14.1800000000 0.0000001082
14.1900000000 0.0000001068
14.2000000000 0.0000001055
14.2100000000 0.0000001041
14.2200000000 0.0000001027
14.2300000000 0.0000001013
14.2400000000 0.0000000999
14.2500000000 0.0000000985
14.2600000000 0.0000000971
14.2700000000 0.0000000957
14.2800000000 0.0000000944
14.2900000000 0.0000000930
14.3000000000 0.0000000916
14.3100000000 0.0000000903
14.3200000000 0.0000000889
14.3300000000 0.0000000876
14.3400000000 0.0000000863
14.3500000000 0.0000000850
14.3600000000 0.0000000838
14.3700000000 0.0000000826
14.3800000000 0.0000000814
14.3900000000 0.0000000802
14.4000000000 0.0000000790
14.4100000000 0.0000000778
14.4200000000 0.0000000766
14.4300000000 0.0000000753
14.4400000000 0.0000000741
14.4500000000 0.0000000727
14.4600000000 0.0000000713
14.4700000000 0.0000000699
14.4800000000 0.0000000684
14.4900000000 0.0000000670
14.5000000000 0.0000000655
14.5100000000 0.0000000641
14.5200000000 0.0000000626
14.5300000000 0.0000000613
14.5400000000 0.0000000599
14.5500000000 0.0000000587
14.5600000000 0.0000000575
14.5700000000 0.0000000564
14.5800000000 0.0000000554
14.5900000000 0.0000000544
14.6000000000 0.0000000535
14.6100000000 0.0000000526
14.6200000000 0.0000000517
14.6300000000 0.0000000509
14.6400000000 0.0000000500
14.6500000000 0.0000000492
14.6600000000 0.0000000483
14.6700000000 0.0000000474
14.6800000000 0.0000000465
14.6900000000 0.0000000456
14.7000000000 0.0000000447
14.7100000000 0.0000000438
14.7200000000 0.0000000429
14.7300000000 0.0000000420
14.7400000000 0.0000000411
14.7500000000 0.0000000403
14.7600000000 0.0000000394
14.7700000000 0.0000000385
14.7800000000 0.0000000376
14.7900000000 0.0000000368
14.8000000000 0.0000000360
14.8100000000 0.0000000351
14.8200000000 0.0000000343
14.8300000000 0.0000000335
14.8400000000 0.0000000328
14.8500000000 0.0000000320
14.8600000000 0.0000000312
14.8700000000 0.0000000305
14.8800000000 0.0000000298
14.8900000000 0.0000000290
14.9000000000 0.0000000283
14.9100000000 0.0000000275
14.9200000000 0.0000000268
14.9300000000 0.0000000260
14.9400000000 0.0000000252
14.9500000000 0.0000000244
14.9600000000 0.0000000235
14.9700000000 0.0000000226
14.9800000000 0.0000000217
14.9900000000 0.0000000207
15.0000000000 0.0000000197
15.0100000000 0.0000000186
15.0200000000 0.0000000174
15.0300000000 0.0000000162
15.0400000000 0.0000000149
15.0500000000 0.0000000135
15.0600000000 0.0000000121
15.0700000000 0.0000000105
15.0800000000 0.0000000090
15.0900000000 0.0000000074
15.1000000000 0.0000000059
15.1100000000 0.0000000045
15.1200000000 0.0000000032
15.1300000000 0.0000000020
15.1400000000 0.0000000010
15.1500000000 0.0000000002
15.1600000000 -0.0000000004
15.1700000000 -0.0000000007
15.1800000000 -0.0000000009
15.1900000000 -0.0000000010
15.2000000000 -0.0000000009
15.2100000000 -0.0000000007
15.2200000000 -0.0000000005
15.2300000000 -0.0000000003
15.2400000000 -0.0000000000
15.2500000000 0.0000000002
15.2600000000 0.0000000003
15.2700000000 0.0000000004
15.2800000000 0.0000000005
15.2900000000 0.0000000005
15.3000000000 0.0000000005
15.3100000000 0.0000000004
15.3200000000 0.0000000004
15.3300000000 0.0000000003
15.3400000000 0.0000000002
15.3500000000 0.0000000002
15.3600000000 0.0000000001
15.3700000000 0.0000000001
15.3800000000 0.0000000001
15.3900000000 0.0000000001
15.4000000000 0.0000000001
15.4100000000 0.0000000001
15.4200000000 0.0000000001
15.4300000000 0.0000000001
15.4400000000 0.0000000001
15.4500000000 0.0000000002
15.4600000000 0.0000000002
15.4700000000 0.0000000002
15.4800000000 0.0000000002
15.4900000000 0.0000000002
15.5000000000 0.0000000002
15.5100000000 0.0000000002
15.5200000000 0.0000000001
15.5300000000 0.0000000001
15.5400000000 0.0000000001
15.5500000000 0.0000000001
15.5600000000 0.0000000001
15.5700000000 0.0000000001
15.5800000000 0.0000000001
15.5900000000 0.0000000001
15.6000000000 0.0000000001
15.6100000000 0.0000000001
15.6200000000 0.0000000001
15.6300000000 0.0000000001
15.6400000000 0.0000000001
15.6500000000 0.0000000001
15.6600000000 0.0000000001
15.6700000000 0.0000000001
15.6800000000 0.0000000001
15.6900000000 0.0000000001
15.7000000000 0.0000000001
15.7100000000 0.0000000001
15.7200000000 0.0000000001
15.7300000000 0.0000000001
15.7400000000 0.0000000001
15.7500000000 0.0000000001
15.7600000000 0.0000000001
15.7700000000 0.0000000001
15.7800000000 0.0000000001
15.7900000000 0.0000000001
15.8000000000 0.0000000001
15.8100000000 0.0000000001
15.8200000000 0.0000000001
15.8300000000 0.0000000001
15.8400000000 0.0000000001
15.8500000000 0.0000000001
15.8600000000 0.0000000001
15.8700000000 0.0000000001
15.8800000000 0.0000000001
15.8900000000 0.0000000001
15.9000000000 0.0000000001
15.9100000000 0.0000000001
15.9200000000 0.0000000001
15.9300000000 0.0000000001
15.9400000000 0.0000000001
15.9500000000 0.0000000001
15.9600000000 0.0000000001
15.9700000000 0.0000000001
15.9800000000 0.0000000001
15.9900000000 0.0000000001
16.0000000000 0.0000000001
16.0100000000 0.0000000001
16.0200000000 0.0000000000
16.0300000000 0.0000000000
16.0400000000 0.0000000000
16.0500000000 0.0000000000
16.0600000000 0.0000000000
16.0700000000 0.0000000000
16.0800000000 0.0000000000
16.0900000000 0.0000000000
16.1000000000 0.0000000000
16.1100000000 0.0000000000
16.1200000000 0.0000000000
16.1300000000 0.0000000000
16.1400000000 0.0000000000
16.1500000000 0.0000000000
16.1600000000 0.0000000000
16.1700000000 0.0000000000
16.1800000000 0.0000000000
16.1900000000 0.0000000000
16.2000000000 0.0000000000
16.2100000000 0.0000000000
16.2200000000 0.0000000000
16.2300000000 0.0000000000
16.2400000000 0.0000000000
16.2500000000 0.0000000000
16.2600000000 0.0000000000
16.2700000000 0.0000000000
16.2800000000 0.0000000000
16.2900000000 0.0000000000
16.3000000000 0.0000000000
16.3100000000 0.0000000000
16.3200000000 0.0000000000
16.3300000000 0.0000000000
16.3400000000 0.0000000000
16.3500000000 -0.0000000000
16.3600000000 -0.0000000000
16.3700000000 -0.0000000000
16.3800000000 -0.0000000000
16.3900000000 -0.0000000000
16.4000000000 -0.0000000000
16.4100000000 -0.0000000000
16.4200000000 -0.0000000000
16.4300000000 -0.0000000000
16.4400000000 -0.0000000000
16.4500000000 0.0000000000
16.4600000000 0.0000000000
16.4700000000 0.0000000000
16.4800000000 0.0000000000
16.4900000000 0.0000000000
16.5000000000 0.0000000000
16.5100000000 0.0000000000
16.5200000000 0.0000000000
16.5300000000 0.0000000000
16.5400000000 0.0000000000
16.5500000000 -0.0000000000
16.5600000000 -0.0000000000
16.5700000000 -0.0000000000
16.5800000000 -0.0000000000
16.5900000000 -0.0000000000
16.6000000000 -0.0000000000
16.6100000000 -0.0000000000
16.6200000000 -0.0000000000
16.6300000000 -0.0000000000
16.6400000000 -0.0000000000
16.6500000000 0.0000000000
16.6600000000 0.0000000000
16.6700000000 0.0000000000
16.6800000000 0.0000000000
16.6900000000 0.0000000000
16.7000000000 0.0000000000
16.7100000000 0.0000000000
16.7200000000 0.0000000000
16.7300000000 0.0000000000
16.7400000000 0.0000000000
16.7500000000 0.0000000000
16.7600000000 -0.0000000000
16.7700000000 -0.0000000000
16.7800000000 -0.0000000000
16.7900000000 -0.0000000000
16.8000000000 -0.0000000000
16.8100000000 -0.0000000000
16.8200000000 -0.0000000000
16.8300000000 -0.0000000000
16.8400000000 -0.0000000000
16.8500000000 0.0000000000
16.8600000000 0.0000000000
16.8700000000 0.0000000000
16.8800000000 0.0000000000
16.8900000000 0.0000000000
16.9000000000 0.0000000000
16.9100000000 0.0000000000
16.9200000000 0.0000000000
16.9300000000 0.0000000000
16.9400000000 0.0000000000
16.9500000000 0.0000000000
16.9600000000 -0.0000000000
16.9700000000 -0.0000000000
16.9800000000 -0.0000000000
16.9900000000 -0.0000000000
17.0000000000 -0.0000000000
17.0100000000 -0.0000000000
17.0200000000 -0.0000000000
17.0300000000 -0.0000000000
17.0400000000 -0.0000000000
17.0500000000 -0.0000000000
17.0600000000 -0.0000000000
17.0700000000 -0.0000000000
17.0800000000 -0.0000000000
17.0900000000 -0.0000000000
17.1000000000 -0.0000000000
17.1100000000 -0.0000000000
17.1200000000 -0.0000000000
17.1300000000 -0.0000000000
17.1400000000 -0.0000000000
17.1500000000 -0.0000000000
17.1600000000 -0.0000000000
17.1700000000 -0.0000000000
17.1800000000 -0.0000000000
17.1900000000 -0.0000000000
17.2000000000 -0.0000000000
17.2100000000 -0.0000000000
17.2200000000 -0.0000000000
17.2300000000 -0.0000000000
17.2400000000 -0.0000000000
17.2500000000 -0.0000000000
17.2600000000 -0.0000000000
17.2700000000 -0.0000000000
17.2800000000 -0.0000000000
17.2900000000 -0.0000000000
17.3000000000 -0.0000000000
17.3100000000 -0.0000000000
17.3200000000 -0.0000000000
17.3300000000 -0.0000000000
17.3400000000 0.0000000000
17.3500000000 0.0000000000
17.3600000000 0.0000000000
17.3700000000 -0.0000000000
17.3800000000 -0.0000000000
17.3900000000 -0.0000000000
17.4000000000 -0.0000000000
17.4100000000 -0.0000000000
17.4200000000 -0.0000000000
17.4300000000 -0.0000000000
17.4400000000 -0.0000000000
17.4500000000 -0.0000000000
17.4600000000 -0.0000000000
17.4700000000 -0.0000000000
17.4800000000 -0.0000000000
17.4900000000 -0.0000000000
17.5000000000 0.0000000000
17.5100000000 0.0000000000
17.5200000000 0.0000000000
17.5300000000 0.0000000000
17.5400000000 0.0000000000
17.5500000000 0.0000000000
17.5600000000 0.0000000000
17.5700000000 0.0000000000
17.5800000000 0.0000000000
17.5900000000 0.0000000000
17.6000000000 0.0000000000
17.6100000000 0.0000000000
17.6200000000 0.0000000000
17.6300000000 0.0000000000
17.6400000000 0.0000000000
17.6500000000 0.0000000000
17.6600000000 0.0000000000
17.6700000000 0.0000000000
17.6800000000 0.0000000000
17.6900000000 0.0000000000
17.7000000000 0.0000000000
17.7100000000 0.0000000000
17.7200000000 0.0000000000
17.7300000000 0.0000000000
17.7400000000 0.0000000000
17.7500000000 0.0000000000
17.7600000000 0.0000000000
17.7700000000 0.0000000000
17.7800000000 0.0000000000
17.7900000000 -0.0000000000
17.8000000000 -0.0000000000
17.8100000000 -0.0000000000
17.8200000000 -0.0000000000
17.8300000000 -0.0000000000
17.8400000000 -0.0000000000
17.8500000000 -0.0000000000
17.8600000000 -0.0000000000
17.8700000000 -0.0000000000
17.8800000000 -0.0000000000
17.8900000000 -0.0000000000
17.9000000000 -0.0000000000
17.9100000000 -0.0000000000
17.9200000000 -0.0000000000
17.9300000000 -0.0000000000
17.9400000000 -0.0000000000
17.9500000000 -0.0000000000
17.9600000000 -0.0000000000
17.9700000000 -0.0000000000
17.9800000000 -0.0000000000
17.9900000000 -0.0000000000
18.0000000000 -0.0000000000
18.0100000000 -0.0000000000
18.0200000000 -0.0000000000
18.0300000000 -0.0000000000
18.0400000000 -0.0000000000
18.0500000000 -0.0000000000
18.0600000000 -0.0000000000
18.0700000000 -0.0000000000
18.0800000000 -0.0000000000
18.0900000000 -0.0000000000
18.1000000000 -0.0000000000
18.1100000000 -0.0000000000
18.1200000000 -0.0000000000
18.1300000000 -0.0000000000
18.1400000000 -0.0000000000
18.1500000000 -0.0000000000
18.1600000000 -0.0000000000
18.1700000000 -0.0000000000
18.1800000000 -0.0000000000
18.1900000000 -0.0000000000
18.2000000000 -0.0000000000
18.2100000000 -0.0000000000
18.2200000000 -0.0000000000
18.2300000000 -0.0000000000
18.2400000000 -0.0000000000
18.2500000000 -0.0000000000
18.2600000000 -0.0000000000
18.2700000000 -0.0000000000
18.2800000000 -0.0000000000
18.2900000000 -0.0000000000
18.3000000000 -0.0000000000
18.3100000000 -0.0000000000
18.3200000000 -0.0000000000
18.3300000000 -0.0000000000
18.3400000000 -0.0000000000
18.3500000000 0.0000000000
18.3600000000 0.0000000000
18.3700000000 0.0000000000
18.3800000000 0.0000000000
18.3900000000 0.0000000000
18.4000000000 0.0000000000
18.4100000000 0.0000000000
18.4200000000 0.0000000000
18.4300000000 0.0000000000
18.4400000000 0.0000000000
18.4500000000 0.0000000000
18.4600000000 0.0000000000
18.4700000000 0.0000000000
18.4800000000 0.0000000000
18.4900000000 0.0000000000
18.5000000000 0.0000000000
18.5100000000 0.0000000000
18.5200000000 -0.0000000000
18.5300000000 -0.0000000000
18.5400000000 -0.0000000000
18.5500000000 -0.0000000000
18.5600000000 -0.0000000000
18.5700000000 -0.0000000000
18.5800000000 -0.0000000000
18.5900000000 -0.0000000000
18.6000000000 -0.0000000000
18.6100000000 -0.0000000000
18.6200000000 -0.0000000000
18.6300000000 -0.0000000000
18.6400000000 -0.0000000000
18.6500000000 -0.0000000000
18.6600000000 -0.0000000000
18.6700000000 -0.0000000000
18.6800000000 -0.0000000000
18.6900000000 -0.0000000000
18.7000000000 -0.0000000000
18.7100000000 -0.0000000000
18.7200000000 -0.0000000000
18.7300000000 -0.0000000000
18.7400000000 -0.0000000000
18.7500000000 -0.0000000000
18.7600000000 -0.0000000000
18.7700000000 0.0000000000
18.7800000000 0.0000000000
18.7900000000 0.0000000000
18.8000000000 0.0000000000
18.8100000000 0.0000000000
18.8200000000 0.0000000000
18.8300000000 0.0000000000
18.8400000000 0.0000000000
18.8500000000 0.0000000000
18.8600000000 0.0000000000
18.8700000000 0.0000000000
18.8800000000 -0.0000000000
18.8900000000 -0.0000000000
18.9000000000 -0.0000000000
18.9100000000 -0.0000000000
18.9200000000 -0.0000000000
18.9300000000 -0.0000000000
18.9400000000 -0.0000000000
18.9500000000 -0.0000000000
18.9600000000 -0.0000000000
18.9700000000 -0.0000000000
18.9800000000 -0.0000000000
18.9900000000 -0.0000000000
19.0000000000 0.0000000000
19.0100000000 0.0000000000
19.0200000000 0.0000000000
19.0300000000 0.0000000000
19.0400000000 0.0000000000
19.0500000000 0.0000000000
19.0600000000 0.0000000000
19.0700000000 0.0000000000
19.0800000000 0.0000000000
19.0900000000 0.0000000000
19.1000000000 0.0000000000
19.1100000000 -0.0000000000
19.1200000000 -0.0000000000
19.1300000000 -0.0000000000
19.1400000000 -0.0000000000
19.1500000000 -0.0000000000
19.1600000000 -0.0000000000
19.1700000000 -0.0000000000
19.1800000000 -0.0000000000
19.1900000000 -0.0000000000
19.2000000000 -0.0000000000
19.2100000000 -0.0000000000
19.2200000000 0.0000000000
19.2300000000 0.0000000000
19.2400000000 0.0000000000
19.2500000000 0.0000000000
19.2600000000 0.0000000000
19.2700000000 0.0000000000
19.2800000000 0.0000000000
19.2900000000 0.0000000000
19.3000000000 0.0000000000
19.3100000000 0.0000000000
19.3200000000 -0.0000000000
19.3300000000 -0.0000000000
19.3400000000 -0.0000000000
19.3500000000 -0.0000000000
19.3600000000 -0.0000000000
19.3700000000 -0.0000000000
19.3800000000 -0.0000000000
19.3900000000 -0.0000000000
19.4000000000 -0.0000000000
19.4100000000 0.0000000000
19.4200000000 0.0000000000
19.4300000000 0.0000000000
19.4400000000 0.0000000000
19.4500000000 0.0000000000
19.4600000000 0.0000000000
19.4700000000 0.0000000000
19.4800000000 0.0000000000
19.4900000000 0.0000000000
19.5000000000 0.0000000000
19.5100000000 -0.0000000000
19.5200000000 -0.0000000000
19.5300000000 -0.0000000000
19.5400000000 -0.0000000000
19.5500000000 -0.0000000000
19.5600000000 -0.0000000000
19.5700000000 -0.0000000000
19.5800000000 -0.0000000000
19.5900000000 -0.0000000000
19.6000000000 -0.0000000000
19.6100000000 -0.0000000000
19.6200000000 -0.0000000000
19.6300000000 -0.0000000000
19.6400000000 -0.0000000000
19.6500000000 -0.0000000000
19.6600000000 -0.0000000000
19.6700000000 0.0000000000
19.6800000000 0.0000000000
19.6900000000 0.0000000000
19.7000000000 0.0000000000
19.7100000000 0.0000000000
19.7200000000 0.0000000000
19.7300000000 0.0000000000
19.7400000000 0.0000000000
19.7500000000 0.0000000000
19.7600000000 0.0000000000
19.7700000000 0.0000000000
19.7800000000 0.0000000000
19.7900000000 0.0000000000
19.8000000000 0.0000000000
19.8100000000 -0.0000000000
19.8200000000 -0.0000000000
19.8300000000 -0.0000000000
19.8400000000 -0.0000000000
