# Converted from data/reactor/flux/Fallot_1208.3877/fallot_Pu239.dat with step of 0.010000
0.0500000000 0.2763350000
0.0600000000 0.3412915378
0.0700000000 0.3996100751
0.0800000000 0.4519587841
0.0900000000 0.4990058366
0.1000000000 0.5414194047
0.1100000000 0.5798676605
0.1200000000 0.6150187759
0.1300000000 0.6475409230
0.1400000000 0.6781022737
0.1500000000 0.7073710000
0.1600000000 0.7359716722
0.1700000000 0.7643544536
0.1800000000 0.7929259054
0.1900000000 0.8220925891
0.2000000000 0.8522610661
0.2100000000 0.8838378978
0.2200000000 0.9172296457
0.2300000000 0.9528428710
0.2400000000 0.9910841353
0.2500000000 1.0323600000
0.2600000000 1.0769200312
0.2700000000 1.1243858146
0.2800000000 1.1742219404
0.2900000000 1.2258929990
0.3000000000 1.2788635808
0.3100000000 1.3325982762
0.3200000000 1.3865616754
0.3300000000 1.4402183689
0.3400000000 1.4930329470
0.3500000000 1.5444700000
0.3600000000 1.5940493318
0.3700000000 1.6415116001
0.3800000000 1.6866526761
0.3900000000 1.7292684308
0.4000000000 1.7691547356
0.4100000000 1.8061074615
0.4200000000 1.8399224797
0.4300000000 1.8703956614
0.4400000000 1.8973228778
0.4500000000 1.9205000000
0.4600000000 1.9398251015
0.4700000000 1.9556050650
0.4800000000 1.9682489754
0.4900000000 1.9781659177
0.5000000000 1.9857649769
0.5100000000 1.9914552379
0.5200000000 1.9956457858
0.5300000000 1.9987457055
0.5400000000 2.0011640819
0.5500000000 2.0033100000
0.5600000000 2.0055124922
0.5700000000 2.0077803800
0.5800000000 2.0100424324
0.5900000000 2.0122274184
0.6000000000 2.0142641068
0.6100000000 2.0160812668
0.6200000000 2.0176076671
0.6300000000 2.0187720768
0.6400000000 2.0195032648
0.6500000000 2.0197300000
0.6600000000 2.0194078598
0.6700000000 2.0185996551
0.6800000000 2.0173950050
0.6900000000 2.0158835289
0.7000000000 2.0141548458
0.7100000000 2.0122985751
0.7200000000 2.0104043359
0.7300000000 2.0085617475
0.7400000000 2.0068604291
0.7500000000 2.0053900000
0.7600000000 2.0042063285
0.7700000000 2.0032302796
0.7800000000 2.0023489674
0.7900000000 2.0014495062
0.8000000000 2.0004190100
0.8100000000 1.9991445930
0.8200000000 1.9975133694
0.8300000000 1.9954124532
0.8400000000 1.9927289587
0.8500000000 1.9893500000
0.8600000000 1.9851809562
0.8700000000 1.9802002665
0.8800000000 1.9744046352
0.8900000000 1.9677907663
0.9000000000 1.9603553641
0.9100000000 1.9520951328
0.9200000000 1.9430067765
0.9300000000 1.9330869995
0.9400000000 1.9223325059
0.9500000000 1.9107400000
0.9600000000 1.8983297967
0.9700000000 1.8852166543
0.9800000000 1.8715389419
0.9900000000 1.8574350286
1.0000000000 1.8430432836
1.0100000000 1.8285020758
1.0200000000 1.8139497745
1.0300000000 1.7995247487
1.0400000000 1.7853653675
1.0500000000 1.7716100000
1.0600000000 1.7583543671
1.0700000000 1.7455235963
1.0800000000 1.7330001673
1.0900000000 1.7206665592
1.1000000000 1.7084052517
1.1100000000 1.6960987240
1.1200000000 1.6836294555
1.1300000000 1.6708799258
1.1400000000 1.6577326141
1.1500000000 1.6440700000
1.1600000000 1.6298187251
1.1700000000 1.6150820803
1.1800000000 1.6000075190
1.1900000000 1.5847424944
1.2000000000 1.5694344598
1.2100000000 1.5542308684
1.2200000000 1.5392791734
1.2300000000 1.5247268282
1.2400000000 1.5107212860
1.2500000000 1.4974100000
1.2600000000 1.4849124426
1.2700000000 1.4732361623
1.2800000000 1.4623607265
1.2900000000 1.4522657030
1.3000000000 1.4429306592
1.3100000000 1.4343351626
1.3200000000 1.4264587808
1.3300000000 1.4192810815
1.3400000000 1.4127816320
1.3500000000 1.4069400000
1.3600000000 1.4017260145
1.3700000000 1.3970705506
1.3800000000 1.3928947448
1.3900000000 1.3891197336
1.4000000000 1.3856666536
1.4100000000 1.3824566413
1.4200000000 1.3794108332
1.4300000000 1.3764503660
1.4400000000 1.3734963761
1.4500000000 1.3704700000
1.4600000000 1.3673023393
1.4700000000 1.3639643553
1.4800000000 1.3604369743
1.4900000000 1.3567011226
1.5000000000 1.3527377265
1.5100000000 1.3485277123
1.5200000000 1.3440520062
1.5300000000 1.3392915346
1.5400000000 1.3342272238
1.5500000000 1.3288400000
1.5600000000 1.3231216782
1.5700000000 1.3171076281
1.5800000000 1.3108441079
1.5900000000 1.3043773759
1.6000000000 1.2977536903
1.6100000000 1.2910193096
1.6200000000 1.2842204919
1.6300000000 1.2774034955
1.6400000000 1.2706145788
1.6500000000 1.2639000000
1.6600000000 1.2572925378
1.6700000000 1.2507710523
1.6800000000 1.2443009242
1.6900000000 1.2378475339
1.7000000000 1.2313762622
1.7100000000 1.2248524894
1.7200000000 1.2182415963
1.7300000000 1.2115089633
1.7400000000 1.2046199710
1.7500000000 1.1975400000
1.7600000000 1.1902440007
1.7700000000 1.1827452027
1.7800000000 1.1750664054
1.7900000000 1.1672304084
1.8000000000 1.1592600110
1.8100000000 1.1511780127
1.8200000000 1.1430072131
1.8300000000 1.1347704114
1.8400000000 1.1264904072
1.8500000000 1.1181900000
1.8600000000 1.1098920495
1.8700000000 1.1016196570
1.8800000000 1.0933959842
1.8900000000 1.0852441926
1.9000000000 1.0771874439
1.9100000000 1.0692488996
1.9200000000 1.0614517215
1.9300000000 1.0538190711
1.9400000000 1.0463741101
1.9500000000 1.0391400000
1.9600000000 1.0321273093
1.9700000000 1.0252962332
1.9800000000 1.0185943738
1.9900000000 1.0119693332
2.0000000000 1.0053687135
2.0100000000 0.9987401167
2.0200000000 0.9920311449
2.0300000000 0.9851894001
2.0400000000 0.9781624845
2.0500000000 0.9708980000
2.0600000000 0.9633599165
2.0700000000 0.9555776743
2.0800000000 0.9475970816
2.0900000000 0.9394639465
2.1000000000 0.9312240772
2.1100000000 0.9229232816
2.1200000000 0.9146073680
2.1300000000 0.9063221445
2.1400000000 0.8981134191
2.1500000000 0.8900270000
2.1600000000 0.8820992399
2.1700000000 0.8743286696
2.1800000000 0.8667043647
2.1900000000 0.8592154006
2.2000000000 0.8518508528
2.2100000000 0.8445997968
2.2200000000 0.8374513080
2.2300000000 0.8303944620
2.2400000000 0.8234183342
2.2500000000 0.8165120000
2.2600000000 0.8096663661
2.2700000000 0.8028796633
2.2800000000 0.7961519536
2.2900000000 0.7894832990
2.3000000000 0.7828737615
2.3100000000 0.7763234031
2.3200000000 0.7698322858
2.3300000000 0.7634004715
2.3400000000 0.7570280222
2.3500000000 0.7507150000
2.3600000000 0.7444640479
2.3700000000 0.7382881333
2.3800000000 0.7322028050
2.3900000000 0.7262236113
2.4000000000 0.7203661010
2.4100000000 0.7146458227
2.4200000000 0.7090783248
2.4300000000 0.7036791560
2.4400000000 0.6984638649
2.4500000000 0.6934480000
2.4600000000 0.6886369005
2.4700000000 0.6839950674
2.4800000000 0.6794767926
2.4900000000 0.6750363677
2.5000000000 0.6706280843
2.5100000000 0.6662062342
2.5200000000 0.6617251090
2.5300000000 0.6571390005
2.5400000000 0.6524022002
2.5500000000 0.6474690000
2.5600000000 0.6423102743
2.5700000000 0.6369632289
2.5800000000 0.6314816526
2.5900000000 0.6259193340
2.6000000000 0.6203300618
2.6100000000 0.6147676246
2.6200000000 0.6092858112
2.6300000000 0.6039384102
2.6400000000 0.5987792102
2.6500000000 0.5938620000
2.6600000000 0.5892249424
2.6700000000 0.5848436968
2.6800000000 0.5806782968
2.6900000000 0.5766887762
2.7000000000 0.5728351685
2.7100000000 0.5690775072
2.7200000000 0.5653758262
2.7300000000 0.5616901589
2.7400000000 0.5579805389
2.7500000000 0.5542070000
2.7600000000 0.5503382742
2.7700000000 0.5463778879
2.7800000000 0.5423380660
2.7900000000 0.5382310331
2.8000000000 0.5340690143
2.8100000000 0.5298642344
2.8200000000 0.5256289181
2.8300000000 0.5213752904
2.8400000000 0.5171155761
2.8500000000 0.5128620000
2.8600000000 0.5086265337
2.8700000000 0.5044201355
2.8800000000 0.5002535103
2.8900000000 0.4961373632
2.9000000000 0.4920823992
2.9100000000 0.4880993232
2.9200000000 0.4841988403
2.9300000000 0.4803916555
2.9400000000 0.4766884737
2.9500000000 0.4731000000
2.9600000000 0.4696331110
2.9700000000 0.4662793702
2.9800000000 0.4630265128
2.9900000000 0.4598622740
3.0000000000 0.4567743889
3.0100000000 0.4537505927
3.0200000000 0.4507786205
3.0300000000 0.4478462075
3.0400000000 0.4449410890
3.0500000000 0.4420510000
3.0600000000 0.4391643023
3.0700000000 0.4362718636
3.0800000000 0.4333651783
3.0900000000 0.4304357407
3.1000000000 0.4274750452
3.1100000000 0.4244745861
3.1200000000 0.4214258577
3.1300000000 0.4183203543
3.1400000000 0.4151495703
3.1500000000 0.4119050000
3.1600000000 0.4085821229
3.1700000000 0.4051923594
3.1800000000 0.4017511149
3.1900000000 0.3982737950
3.2000000000 0.3947758052
3.2100000000 0.3912725509
3.2200000000 0.3877794378
3.2300000000 0.3843118712
3.2400000000 0.3808852568
3.2500000000 0.3775150000
3.2600000000 0.3742124140
3.2700000000 0.3709724428
3.2800000000 0.3677859380
3.2900000000 0.3646437512
3.3000000000 0.3615367340
3.3100000000 0.3584557381
3.3200000000 0.3553916152
3.3300000000 0.3523352167
3.3400000000 0.3492773945
3.3500000000 0.3462090000
3.3600000000 0.3431231620
3.3700000000 0.3400221174
3.3800000000 0.3369103802
3.3900000000 0.3337924643
3.4000000000 0.3306728837
3.4100000000 0.3275561525
3.4200000000 0.3244467845
3.4300000000 0.3213492938
3.4400000000 0.3182681943
3.4500000000 0.3152080000
3.4600000000 0.3121724570
3.4700000000 0.3091622396
3.4800000000 0.3061772544
3.4900000000 0.3032174077
3.5000000000 0.3002826061
3.5100000000 0.2973727560
3.5200000000 0.2944877639
3.5300000000 0.2916275362
3.5400000000 0.2887919794
3.5500000000 0.2859810000
3.5600000000 0.2831954440
3.5700000000 0.2804399161
3.5800000000 0.2777199603
3.5900000000 0.2750411208
3.6000000000 0.2724089419
3.6100000000 0.2698289675
3.6200000000 0.2673067420
3.6300000000 0.2648478095
3.6400000000 0.2624577141
3.6500000000 0.2601420000
3.6600000000 0.2579038748
3.6700000000 0.2557372000
3.6800000000 0.2536335004
3.6900000000 0.2515843009
3.7000000000 0.2495811264
3.7100000000 0.2476155018
3.7200000000 0.2456789520
3.7300000000 0.2437630018
3.7400000000 0.2418591762
3.7500000000 0.2399590000
3.7600000000 0.2380555207
3.7700000000 0.2361478760
3.7800000000 0.2342367262
3.7900000000 0.2323227316
3.8000000000 0.2304065525
3.8100000000 0.2284888492
3.8200000000 0.2265702820
3.8300000000 0.2246515112
3.8400000000 0.2227331971
3.8500000000 0.2208160000
3.8600000000 0.2188995575
3.8700000000 0.2169794161
3.8800000000 0.2150500999
3.8900000000 0.2131061328
3.9000000000 0.2111420387
3.9100000000 0.2091523414
3.9200000000 0.2071315650
3.9300000000 0.2050742334
3.9400000000 0.2029748704
3.9500000000 0.2008280000
3.9600000000 0.1986317465
3.9700000000 0.1963986355
3.9800000000 0.1941447931
3.9900000000 0.1918863452
4.0000000000 0.1896394179
4.0100000000 0.1874201371
4.0200000000 0.1852446290
4.0300000000 0.1831290194
4.0400000000 0.1810894344
4.0500000000 0.1791420000
4.0600000000 0.1772971686
4.0700000000 0.1755426978
4.0800000000 0.1738606717
4.0900000000 0.1722331744
4.1000000000 0.1706422898
4.1100000000 0.1690701020
4.1200000000 0.1674986951
4.1300000000 0.1659101531
4.1400000000 0.1642865601
4.1500000000 0.1626100000
4.1600000000 0.1608681552
4.1700000000 0.1590711013
4.1800000000 0.1572345121
4.1900000000 0.1553740613
4.2000000000 0.1535054229
4.2100000000 0.1516442707
4.2200000000 0.1498062785
4.2300000000 0.1480071201
4.2400000000 0.1462624693
4.2500000000 0.1445880000
4.2600000000 0.1429949985
4.2700000000 0.1414772009
4.2800000000 0.1400239560
4.2900000000 0.1386246122
4.3000000000 0.1372685184
4.3100000000 0.1359450231
4.3200000000 0.1346434750
4.3300000000 0.1333532226
4.3400000000 0.1320636148
4.3500000000 0.1307640000
4.3600000000 0.1294461018
4.3700000000 0.1281111429
4.3800000000 0.1267627210
4.3900000000 0.1254044337
4.4000000000 0.1240398784
4.4100000000 0.1226726529
4.4200000000 0.1213063547
4.4300000000 0.1199445814
4.4400000000 0.1185909306
4.4500000000 0.1172490000
4.4600000000 0.1159215883
4.4700000000 0.1146082993
4.4800000000 0.1133079379
4.4900000000 0.1120193091
4.5000000000 0.1107412180
4.5100000000 0.1094724694
4.5200000000 0.1082118683
4.5300000000 0.1069582197
4.5400000000 0.1057103286
4.5500000000 0.1044670000
4.5600000000 0.1032276688
4.5700000000 0.1019942904
4.5800000000 0.1007694500
4.5900000000 0.0995557330
4.6000000000 0.0983557247
4.6100000000 0.0971720104
4.6200000000 0.0960071755
4.6300000000 0.0948638052
4.6400000000 0.0937444850
4.6500000000 0.0926518000
4.6600000000 0.0915878854
4.6700000000 0.0905530752
4.6800000000 0.0895472531
4.6900000000 0.0885703029
4.7000000000 0.0876221083
4.7100000000 0.0867025530
4.7200000000 0.0858115208
4.7300000000 0.0849488954
4.7400000000 0.0841145605
4.7500000000 0.0833084000
4.7600000000 0.0825295380
4.7700000000 0.0817740608
4.7800000000 0.0810372950
4.7900000000 0.0803145674
4.8000000000 0.0796012048
4.8100000000 0.0788925337
4.8200000000 0.0781838810
4.8300000000 0.0774705733
4.8400000000 0.0767479374
4.8500000000 0.0760113000
4.8600000000 0.0752575660
4.8700000000 0.0744899529
4.8800000000 0.0737132567
4.8900000000 0.0729322730
4.9000000000 0.0721517977
4.9100000000 0.0713766266
4.9200000000 0.0706115555
4.9300000000 0.0698613801
4.9400000000 0.0691308964
4.9500000000 0.0684249000
4.9600000000 0.0677467454
4.9700000000 0.0670940212
4.9800000000 0.0664628748
4.9900000000 0.0658494534
5.0000000000 0.0652499044
5.0100000000 0.0646603751
5.0200000000 0.0640770127
5.0300000000 0.0634959645
5.0400000000 0.0629133778
5.0500000000 0.0623254000
5.0600000000 0.0617291057
5.0700000000 0.0611252791
5.0800000000 0.0605156319
5.0900000000 0.0599018756
5.1000000000 0.0592857220
5.1100000000 0.0586688827
5.1200000000 0.0580530691
5.1300000000 0.0574399931
5.1400000000 0.0568313662
5.1500000000 0.0562289000
5.1600000000 0.0556335029
5.1700000000 0.0550428704
5.1800000000 0.0544538947
5.1900000000 0.0538634680
5.2000000000 0.0532684824
5.2100000000 0.0526658303
5.2200000000 0.0520524038
5.2300000000 0.0514250951
5.2400000000 0.0507807964
5.2500000000 0.0501164000
5.2600000000 0.0494303467
5.2700000000 0.0487272720
5.2800000000 0.0480133600
5.2900000000 0.0472947949
5.3000000000 0.0465777608
5.3100000000 0.0458684418
5.3200000000 0.0451730221
5.3300000000 0.0444976858
5.3400000000 0.0438486171
5.3500000000 0.0432320000
5.3600000000 0.0426521702
5.3700000000 0.0421060688
5.3800000000 0.0415887885
5.3900000000 0.0410954220
5.4000000000 0.0406210619
5.4100000000 0.0401608008
5.4200000000 0.0397097314
5.4300000000 0.0392629464
5.4400000000 0.0388155384
5.4500000000 0.0383626000
5.4600000000 0.0379005201
5.4700000000 0.0374308721
5.4800000000 0.0369565258
5.4900000000 0.0364803508
5.5000000000 0.0360052168
5.5100000000 0.0355339934
5.5200000000 0.0350695504
5.5300000000 0.0346147573
5.5400000000 0.0341724840
5.5500000000 0.0337456000
5.5600000000 0.0333361415
5.5700000000 0.0329428108
5.5800000000 0.0325634763
5.5900000000 0.0321960069
5.6000000000 0.0318382711
5.6100000000 0.0314881377
5.6200000000 0.0311434752
5.6300000000 0.0308021523
5.6400000000 0.0304620377
5.6500000000 0.0301210000
5.6600000000 0.0297774750
5.6700000000 0.0294321664
5.6800000000 0.0290863452
5.6900000000 0.0287412824
5.7000000000 0.0283982487
5.7100000000 0.0280585152
5.7200000000 0.0277233526
5.7300000000 0.0273940320
5.7400000000 0.0270718241
5.7500000000 0.0267580000
5.7600000000 0.0264532585
5.7700000000 0.0261560108
5.7800000000 0.0258640960
5.7900000000 0.0255753532
5.8000000000 0.0252876215
5.8100000000 0.0249987401
5.8200000000 0.0247065481
5.8300000000 0.0244088847
5.8400000000 0.0241035889
5.8500000000 0.0237885000
5.8600000000 0.0234622246
5.8700000000 0.0231264399
5.8800000000 0.0227835907
5.8900000000 0.0224361217
5.9000000000 0.0220864778
5.9100000000 0.0217371036
5.9200000000 0.0213904439
5.9300000000 0.0210489436
5.9400000000 0.0207150474
5.9500000000 0.0203912000
5.9600000000 0.0200793972
5.9700000000 0.0197798383
5.9800000000 0.0194922739
5.9900000000 0.0192164543
6.0000000000 0.0189521300
6.0100000000 0.0186990512
6.0200000000 0.0184569684
6.0300000000 0.0182256320
6.0400000000 0.0180047924
6.0500000000 0.0177942000
6.0600000000 0.0175933040
6.0700000000 0.0174003491
6.0800000000 0.0172132786
6.0900000000 0.0170300361
6.1000000000 0.0168485649
6.1100000000 0.0166668086
6.1200000000 0.0164827104
6.1300000000 0.0162942140
6.1400000000 0.0160992627
6.1500000000 0.0158958000
6.1600000000 0.0156825714
6.1700000000 0.0154615309
6.1800000000 0.0152354344
6.1900000000 0.0150070381
6.2000000000 0.0147790979
6.2100000000 0.0145543698
6.2200000000 0.0143356100
6.2300000000 0.0141255744
6.2400000000 0.0139270191
6.2500000000 0.0137427000
6.2600000000 0.0135745805
6.2700000000 0.0134214530
6.2800000000 0.0132813171
6.2900000000 0.0131521724
6.3000000000 0.0130320186
6.3100000000 0.0129188553
6.3200000000 0.0128106822
6.3300000000 0.0127054988
6.3400000000 0.0126013049
6.3500000000 0.0124961000
6.3600000000 0.0123882777
6.3700000000 0.0122778074
6.3800000000 0.0121650522
6.3900000000 0.0120503754
6.4000000000 0.0119341401
6.4100000000 0.0118167096
6.4200000000 0.0116984471
6.4300000000 0.0115797159
6.4400000000 0.0114608791
6.4500000000 0.0113423000
6.4600000000 0.0112242771
6.4700000000 0.0111068501
6.4800000000 0.0109899942
6.4900000000 0.0108736845
6.5000000000 0.0107578960
6.5100000000 0.0106426038
6.5200000000 0.0105277830
6.5300000000 0.0104134087
6.5400000000 0.0102994560
6.5500000000 0.0101859000
6.5600000000 0.0100727081
6.5700000000 0.0099598171
6.5800000000 0.0098471564
6.5900000000 0.0097346550
6.6000000000 0.0096222422
6.6100000000 0.0095098473
6.6200000000 0.0093973994
6.6300000000 0.0092848277
6.6400000000 0.0091720615
6.6500000000 0.0090590300
6.6600000000 0.0089457408
6.6700000000 0.0088325152
6.6800000000 0.0087197530
6.6900000000 0.0086078539
6.7000000000 0.0084972176
6.7100000000 0.0083882440
6.7200000000 0.0082813326
6.7300000000 0.0081768834
6.7400000000 0.0080752959
6.7500000000 0.0079769700
6.7600000000 0.0078821230
6.7700000000 0.0077902427
6.7800000000 0.0077006345
6.7900000000 0.0076126038
6.8000000000 0.0075254560
6.8100000000 0.0074384966
6.8200000000 0.0073510308
6.8300000000 0.0072623642
6.8400000000 0.0071718021
6.8500000000 0.0070786500
6.8600000000 0.0069824700
6.8700000000 0.0068838517
6.8800000000 0.0067836412
6.8900000000 0.0066826851
6.9000000000 0.0065818295
6.9100000000 0.0064819207
6.9200000000 0.0063838050
6.9300000000 0.0062883288
6.9400000000 0.0061963384
6.9500000000 0.0061086800
6.9600000000 0.0060258310
6.9700000000 0.0059467926
6.9800000000 0.0058701972
6.9900000000 0.0057946772
7.0000000000 0.0057188649
7.0100000000 0.0056413926
7.0200000000 0.0055608926
7.0300000000 0.0054759973
7.0400000000 0.0053853390
7.0500000000 0.0052875500
7.0600000000 0.0051818317
7.0700000000 0.0050696616
7.0800000000 0.0049530861
7.0900000000 0.0048341516
7.1000000000 0.0047149047
7.1100000000 0.0045973919
7.1200000000 0.0044836595
7.1300000000 0.0043757541
7.1400000000 0.0042757221
7.1500000000 0.0041856100
7.1600000000 0.0041068343
7.1700000000 0.0040382917
7.1800000000 0.0039782487
7.1900000000 0.0039249722
7.2000000000 0.0038767286
7.2100000000 0.0038317848
7.2200000000 0.0037884074
7.2300000000 0.0037448630
7.2400000000 0.0036994183
7.2500000000 0.0036503400
7.2600000000 0.0035963219
7.2700000000 0.0035377662
7.2800000000 0.0034755024
7.2900000000 0.0034103599
7.3000000000 0.0033431682
7.3100000000 0.0032747566
7.3200000000 0.0032059545
7.3300000000 0.0031375915
7.3400000000 0.0030704968
7.3500000000 0.0030055000
7.3600000000 0.0029432413
7.3700000000 0.0028836047
7.3800000000 0.0028262851
7.3900000000 0.0027709772
7.4000000000 0.0027173761
7.4100000000 0.0026651764
7.4200000000 0.0026140731
7.4300000000 0.0025637610
7.4400000000 0.0025139351
7.4500000000 0.0024642900
7.4600000000 0.0024146169
7.4700000000 0.0023650916
7.4800000000 0.0023159861
7.4900000000 0.0022675724
7.5000000000 0.0022201225
7.5100000000 0.0021739084
7.5200000000 0.0021292021
7.5300000000 0.0020862756
7.5400000000 0.0020454009
7.5500000000 0.0020068500
7.5600000000 0.0019707885
7.5700000000 0.0019369565
7.5800000000 0.0019049876
7.5900000000 0.0018745155
7.6000000000 0.0018451739
7.6100000000 0.0018165963
7.6200000000 0.0017884164
7.6300000000 0.0017602680
7.6400000000 0.0017317847
7.6500000000 0.0017026000
7.6600000000 0.0016724417
7.6700000000 0.0016414130
7.6800000000 0.0016097114
7.6900000000 0.0015775340
7.7000000000 0.0015450783
7.7100000000 0.0015125415
7.7200000000 0.0014801210
7.7300000000 0.0014480140
7.7400000000 0.0014164179
7.7500000000 0.0013855300
7.7600000000 0.0013555018
7.7700000000 0.0013263015
7.7800000000 0.0012978516
7.7900000000 0.0012700746
7.8000000000 0.0012428929
7.8100000000 0.0012162290
7.8200000000 0.0011900053
7.8300000000 0.0011641443
7.8400000000 0.0011385683
7.8500000000 0.0011132000
7.8600000000 0.0010879704
7.8700000000 0.0010628455
7.8800000000 0.0010377999
7.8900000000 0.0010128083
7.9000000000 0.0009878453
7.9100000000 0.0009628857
7.9200000000 0.0009379040
7.9300000000 0.0009128748
7.9400000000 0.0008877730
7.9500000000 0.0008625730
7.9600000000 0.0008372333
7.9700000000 0.0008116472
7.9800000000 0.0007856916
7.9900000000 0.0007592436
8.0000000000 0.0007321801
8.0100000000 0.0007043782
8.0200000000 0.0006757148
8.0300000000 0.0006460670
8.0400000000 0.0006153117
8.0500000000 0.0005833260
8.0600000000 0.0005501055
8.0700000000 0.0005161206
8.0800000000 0.0004819603
8.0900000000 0.0004482138
8.1000000000 0.0004154700
8.1100000000 0.0003843180
8.1200000000 0.0003553468
8.1300000000 0.0003291456
8.1400000000 0.0003063033
8.1500000000 0.0002874090
8.1600000000 0.0002728378
8.1700000000 0.0002621089
8.1800000000 0.0002545275
8.1900000000 0.0002493988
8.2000000000 0.0002460281
8.2100000000 0.0002437206
8.2200000000 0.0002417815
8.2300000000 0.0002395160
8.2400000000 0.0002362295
8.2500000000 0.0002312270
8.2600000000 0.0002240059
8.2700000000 0.0002148319
8.2800000000 0.0002041625
8.2900000000 0.0001924554
8.3000000000 0.0001801683
8.3100000000 0.0001677589
8.3200000000 0.0001556848
8.3300000000 0.0001444036
8.3400000000 0.0001343732
8.3500000000 0.0001260510
8.3600000000 0.0001197647
8.3700000000 0.0001153217
8.3800000000 0.0001123992
8.3900000000 0.0001106744
8.4000000000 0.0001098245
8.4100000000 0.0001095270
8.4200000000 0.0001094589
8.4300000000 0.0001092975
8.4400000000 0.0001087201
8.4500000000 0.0001074040
8.4600000000 0.0001051111
8.4700000000 0.0001019427
8.4800000000 0.0000980846
8.4900000000 0.0000937228
8.5000000000 0.0000890431
8.5100000000 0.0000842316
8.5200000000 0.0000794741
8.5300000000 0.0000749566
8.5400000000 0.0000708649
8.5500000000 0.0000673851
8.5600000000 0.0000646551
8.5700000000 0.0000626215
8.5800000000 0.0000611830
8.5900000000 0.0000602382
8.6000000000 0.0000596859
8.6100000000 0.0000594245
8.6200000000 0.0000593529
8.6300000000 0.0000593697
8.6400000000 0.0000593735
8.6500000000 0.0000592630
8.6600000000 0.0000589590
8.6700000000 0.0000584705
8.6800000000 0.0000578288
8.6900000000 0.0000570649
8.7000000000 0.0000562101
8.7100000000 0.0000552955
8.7200000000 0.0000543523
8.7300000000 0.0000534117
8.7400000000 0.0000525049
8.7500000000 0.0000516629
8.7600000000 0.0000509083
8.7700000000 0.0000502291
8.7800000000 0.0000496042
8.7900000000 0.0000490130
8.8000000000 0.0000484347
8.8100000000 0.0000478483
8.8200000000 0.0000472331
8.8300000000 0.0000465684
8.8400000000 0.0000458332
8.8500000000 0.0000450067
8.8600000000 0.0000440755
8.8700000000 0.0000430555
8.8800000000 0.0000419698
8.8900000000 0.0000408416
8.9000000000 0.0000396942
8.9100000000 0.0000385507
8.9200000000 0.0000374344
8.9300000000 0.0000363683
8.9400000000 0.0000353758
8.9500000000 0.0000344800
8.9600000000 0.0000336980
8.9700000000 0.0000330220
8.9800000000 0.0000324383
8.9900000000 0.0000319331
9.0000000000 0.0000314925
9.0100000000 0.0000311027
9.0200000000 0.0000307499
9.0300000000 0.0000304202
9.0400000000 0.0000300999
9.0500000000 0.0000297751
9.0600000000 0.0000294348
9.0700000000 0.0000290790
9.0800000000 0.0000287105
9.0900000000 0.0000283322
9.1000000000 0.0000279470
9.1100000000 0.0000275576
9.1200000000 0.0000271669
9.1300000000 0.0000267777
9.1400000000 0.0000263928
9.1500000000 0.0000260151
9.1600000000 0.0000256468
9.1700000000 0.0000252879
9.1800000000 0.0000249375
9.1900000000 0.0000245950
9.2000000000 0.0000242597
9.2100000000 0.0000239309
9.2200000000 0.0000236079
9.2300000000 0.0000232900
9.2400000000 0.0000229764
9.2500000000 0.0000226665
9.2600000000 0.0000223597
9.2700000000 0.0000220562
9.2800000000 0.0000217560
9.2900000000 0.0000214596
9.3000000000 0.0000211670
9.3100000000 0.0000208786
9.3200000000 0.0000205945
9.3300000000 0.0000203150
9.3400000000 0.0000200404
9.3500000000 0.0000197708
9.3600000000 0.0000195061
9.3700000000 0.0000192447
9.3800000000 0.0000189846
9.3900000000 0.0000187237
9.4000000000 0.0000184600
9.4100000000 0.0000181914
9.4200000000 0.0000179161
9.4300000000 0.0000176319
9.4400000000 0.0000173368
9.4500000000 0.0000170289
9.4600000000 0.0000167070
9.4700000000 0.0000163740
9.4800000000 0.0000160336
9.4900000000 0.0000156895
9.5000000000 0.0000153456
9.5100000000 0.0000150056
9.5200000000 0.0000146733
9.5300000000 0.0000143524
9.5400000000 0.0000140467
9.5500000000 0.0000137599
9.5600000000 0.0000134948
9.5700000000 0.0000132495
9.5800000000 0.0000130213
9.5900000000 0.0000128074
9.6000000000 0.0000126048
9.6100000000 0.0000124109
9.6200000000 0.0000122228
9.6300000000 0.0000120375
9.6400000000 0.0000118525
9.6500000000 0.0000116647
9.6600000000 0.0000114720
9.6700000000 0.0000112742
9.6800000000 0.0000110721
9.6900000000 0.0000108660
9.7000000000 0.0000106565
9.7100000000 0.0000104441
9.7200000000 0.0000102295
9.7300000000 0.0000100130
9.7400000000 0.0000097953
9.7500000000 0.0000095768
9.7600000000 0.0000093578
9.7700000000 0.0000091375
9.7800000000 0.0000089146
9.7900000000 0.0000086880
9.8000000000 0.0000084564
9.8100000000 0.0000082187
9.8200000000 0.0000079737
9.8300000000 0.0000077203
9.8400000000 0.0000074572
9.8500000000 0.0000071832
9.8600000000 0.0000068982
9.8700000000 0.0000066062
9.8800000000 0.0000063122
9.8900000000 0.0000060210
9.9000000000 0.0000057378
9.9100000000 0.0000054675
9.9200000000 0.0000052151
9.9300000000 0.0000049855
9.9400000000 0.0000047838
9.9500000000 0.0000046149
9.9600000000 0.0000044822
9.9700000000 0.0000043825
9.9800000000 0.0000043109
9.9900000000 0.0000042625
10.0000000000 0.0000042327
10.0100000000 0.0000042163
10.0200000000 0.0000042088
10.0300000000 0.0000042051
10.0400000000 0.0000042004
10.0500000000 0.0000041900
10.0600000000 0.0000041699
10.0700000000 0.0000041405
10.0800000000 0.0000041033
10.0900000000 0.0000040597
10.1000000000 0.0000040109
10.1100000000 0.0000039585
10.1200000000 0.0000039038
10.1300000000 0.0000038482
10.1400000000 0.0000037932
10.1500000000 0.0000037400
10.1600000000 0.0000036899
10.1700000000 0.0000036429
10.1800000000 0.0000035988
10.1900000000 0.0000035573
10.2000000000 0.0000035183
10.2100000000 0.0000034815
10.2200000000 0.0000034467
10.2300000000 0.0000034137
10.2400000000 0.0000033822
10.2500000000 0.0000033521
10.2600000000 0.0000033232
10.2700000000 0.0000032953
10.2800000000 0.0000032682
10.2900000000 0.0000032419
10.3000000000 0.0000032161
10.3100000000 0.0000031908
10.3200000000 0.0000031658
10.3300000000 0.0000031410
10.3400000000 0.0000031162
10.3500000000 0.0000030913
10.3600000000 0.0000030663
10.3700000000 0.0000030410
10.3800000000 0.0000030156
10.3900000000 0.0000029901
10.4000000000 0.0000029645
10.4100000000 0.0000029389
10.4200000000 0.0000029134
10.4300000000 0.0000028879
10.4400000000 0.0000028626
10.4500000000 0.0000028374
10.4600000000 0.0000028125
10.4700000000 0.0000027877
10.4800000000 0.0000027631
10.4900000000 0.0000027387
10.5000000000 0.0000027144
10.5100000000 0.0000026902
10.5200000000 0.0000026661
10.5300000000 0.0000026421
10.5400000000 0.0000026181
10.5500000000 0.0000025942
10.5600000000 0.0000025703
10.5700000000 0.0000025465
10.5800000000 0.0000025226
10.5900000000 0.0000024988
10.6000000000 0.0000024750
10.6100000000 0.0000024512
10.6200000000 0.0000024274
10.6300000000 0.0000024037
10.6400000000 0.0000023800
10.6500000000 0.0000023564
10.6600000000 0.0000023328
10.6700000000 0.0000023092
10.6800000000 0.0000022857
10.6900000000 0.0000022622
10.7000000000 0.0000022388
10.7100000000 0.0000022154
10.7200000000 0.0000021922
10.7300000000 0.0000021690
10.7400000000 0.0000021459
10.7500000000 0.0000021229
10.7600000000 0.0000021000
10.7700000000 0.0000020773
10.7800000000 0.0000020546
10.7900000000 0.0000020320
10.8000000000 0.0000020096
10.8100000000 0.0000019873
10.8200000000 0.0000019652
10.8300000000 0.0000019431
10.8400000000 0.0000019213
10.8500000000 0.0000018995
10.8600000000 0.0000018780
10.8700000000 0.0000018565
10.8800000000 0.0000018352
10.8900000000 0.0000018141
10.9000000000 0.0000017930
10.9100000000 0.0000017721
10.9200000000 0.0000017513
10.9300000000 0.0000017305
10.9400000000 0.0000017099
10.9500000000 0.0000016893
10.9600000000 0.0000016688
10.9700000000 0.0000016484
10.9800000000 0.0000016280
10.9900000000 0.0000016078
11.0000000000 0.0000015876
11.0100000000 0.0000015674
11.0200000000 0.0000015474
11.0300000000 0.0000015274
11.0400000000 0.0000015076
11.0500000000 0.0000014878
11.0600000000 0.0000014681
11.0700000000 0.0000014485
11.0800000000 0.0000014289
11.0900000000 0.0000014095
11.1000000000 0.0000013901
11.1100000000 0.0000013708
11.1200000000 0.0000013516
11.1300000000 0.0000013325
11.1400000000 0.0000013134
11.1500000000 0.0000012944
11.1600000000 0.0000012755
11.1700000000 0.0000012566
11.1800000000 0.0000012379
11.1900000000 0.0000012193
11.2000000000 0.0000012008
11.2100000000 0.0000011825
11.2200000000 0.0000011644
11.2300000000 0.0000011464
11.2400000000 0.0000011287
11.2500000000 0.0000011112
11.2600000000 0.0000010939
11.2700000000 0.0000010768
11.2800000000 0.0000010599
11.2900000000 0.0000010429
11.3000000000 0.0000010260
11.3100000000 0.0000010089
11.3200000000 0.0000009918
11.3300000000 0.0000009743
11.3400000000 0.0000009566
11.3500000000 0.0000009386
11.3600000000 0.0000009201
11.3700000000 0.0000009013
11.3800000000 0.0000008824
11.3900000000 0.0000008633
11.4000000000 0.0000008441
11.4100000000 0.0000008251
11.4200000000 0.0000008063
11.4300000000 0.0000007878
11.4400000000 0.0000007696
11.4500000000 0.0000007520
11.4600000000 0.0000007350
11.4700000000 0.0000007186
11.4800000000 0.0000007028
11.4900000000 0.0000006877
11.5000000000 0.0000006733
11.5100000000 0.0000006595
11.5200000000 0.0000006464
11.5300000000 0.0000006340
11.5400000000 0.0000006223
11.5500000000 0.0000006113
11.5600000000 0.0000006011
11.5700000000 0.0000005911
11.5800000000 0.0000005812
11.5900000000 0.0000005709
11.6000000000 0.0000005598
11.6100000000 0.0000005477
11.6200000000 0.0000005340
11.6300000000 0.0000005185
11.6400000000 0.0000005007
11.6500000000 0.0000004804
11.6600000000 0.0000004572
11.6700000000 0.0000004318
11.6800000000 0.0000004049
11.6900000000 0.0000003771
11.7000000000 0.0000003492
11.7100000000 0.0000003218
11.7200000000 0.0000002958
11.7300000000 0.0000002717
11.7400000000 0.0000002504
11.7500000000 0.0000002325
11.7600000000 0.0000002186
11.7700000000 0.0000002082
11.7800000000 0.0000002010
11.7900000000 0.0000001964
11.8000000000 0.0000001938
11.8100000000 0.0000001928
11.8200000000 0.0000001928
11.8300000000 0.0000001933
11.8400000000 0.0000001938
11.8500000000 0.0000001937
11.8600000000 0.0000001928
11.8700000000 0.0000001909
11.8800000000 0.0000001883
11.8900000000 0.0000001850
11.9000000000 0.0000001812
11.9100000000 0.0000001771
11.9200000000 0.0000001727
11.9300000000 0.0000001683
11.9400000000 0.0000001639
11.9500000000 0.0000001598
11.9600000000 0.0000001559
11.9700000000 0.0000001523
11.9800000000 0.0000001489
11.9900000000 0.0000001458
12.0000000000 0.0000001427
12.0100000000 0.0000001397
12.0200000000 0.0000001368
12.0300000000 0.0000001339
12.0400000000 0.0000001309
12.0500000000 0.0000001277
12.0600000000 0.0000001244
12.0700000000 0.0000001210
12.0800000000 0.0000001173
12.0900000000 0.0000001135
12.1000000000 0.0000001095
12.1100000000 0.0000001052
12.1200000000 0.0000001007
12.1300000000 0.0000000960
12.1400000000 0.0000000910
12.1500000000 0.0000000857
12.1600000000 0.0000000802
12.1700000000 0.0000000746
12.1800000000 0.0000000688
12.1900000000 0.0000000631
12.2000000000 0.0000000575
12.2100000000 0.0000000522
12.2200000000 0.0000000472
12.2300000000 0.0000000427
12.2400000000 0.0000000386
12.2500000000 0.0000000353
12.2600000000 0.0000000326
12.2700000000 0.0000000306
12.2800000000 0.0000000291
12.2900000000 0.0000000281
12.3000000000 0.0000000275
12.3100000000 0.0000000272
12.3200000000 0.0000000271
12.3300000000 0.0000000271
12.3400000000 0.0000000271
12.3500000000 0.0000000270
12.3600000000 0.0000000268
12.3700000000 0.0000000264
12.3800000000 0.0000000259
12.3900000000 0.0000000253
12.4000000000 0.0000000247
12.4100000000 0.0000000240
12.4200000000 0.0000000234
12.4300000000 0.0000000227
12.4400000000 0.0000000221
12.4500000000 0.0000000215
12.4600000000 0.0000000211
12.4700000000 0.0000000207
12.4800000000 0.0000000203
12.4900000000 0.0000000201
12.5000000000 0.0000000199
12.5100000000 0.0000000197
12.5200000000 0.0000000195
12.5300000000 0.0000000194
12.5400000000 0.0000000192
12.5500000000 0.0000000191
12.5600000000 0.0000000189
12.5700000000 0.0000000187
12.5800000000 0.0000000185
12.5900000000 0.0000000182
12.6000000000 0.0000000180
12.6100000000 0.0000000177
12.6200000000 0.0000000175
12.6300000000 0.0000000172
12.6400000000 0.0000000169
12.6500000000 0.0000000167
12.6600000000 0.0000000164
12.6700000000 0.0000000162
12.6800000000 0.0000000160
12.6900000000 0.0000000157
12.7000000000 0.0000000155
12.7100000000 0.0000000153
12.7200000000 0.0000000151
12.7300000000 0.0000000149
12.7400000000 0.0000000147
12.7500000000 0.0000000144
12.7600000000 0.0000000142
12.7700000000 0.0000000140
12.7800000000 0.0000000138
12.7900000000 0.0000000136
12.8000000000 0.0000000134
12.8100000000 0.0000000131
12.8200000000 0.0000000129
12.8300000000 0.0000000127
12.8400000000 0.0000000125
12.8500000000 0.0000000123
12.8600000000 0.0000000121
12.8700000000 0.0000000119
12.8800000000 0.0000000117
12.8900000000 0.0000000115
12.9000000000 0.0000000113
12.9100000000 0.0000000111
12.9200000000 0.0000000109
12.9300000000 0.0000000107
12.9400000000 0.0000000105
12.9500000000 0.0000000103
12.9600000000 0.0000000101
12.9700000000 0.0000000099
12.9800000000 0.0000000097
12.9900000000 0.0000000095
13.0000000000 0.0000000093
13.0100000000 0.0000000091
13.0200000000 0.0000000089
13.0300000000 0.0000000088
13.0400000000 0.0000000086
13.0500000000 0.0000000084
13.0600000000 0.0000000082
13.0700000000 0.0000000080
13.0800000000 0.0000000078
13.0900000000 0.0000000077
13.1000000000 0.0000000075
13.1100000000 0.0000000073
13.1200000000 0.0000000071
13.1300000000 0.0000000070
13.1400000000 0.0000000068
13.1500000000 0.0000000066
13.1600000000 0.0000000065
13.1700000000 0.0000000063
13.1800000000 0.0000000061
13.1900000000 0.0000000059
13.2000000000 0.0000000058
13.2100000000 0.0000000056
13.2200000000 0.0000000055
13.2300000000 0.0000000053
13.2400000000 0.0000000051
13.2500000000 0.0000000050
13.2600000000 0.0000000048
13.2700000000 0.0000000047
13.2800000000 0.0000000045
13.2900000000 0.0000000044
13.3000000000 0.0000000042
13.3100000000 0.0000000041
13.3200000000 0.0000000039
13.3300000000 0.0000000037
13.3400000000 0.0000000036
13.3500000000 0.0000000034
13.3600000000 0.0000000033
13.3700000000 0.0000000031
13.3800000000 0.0000000030
13.3900000000 0.0000000028
13.4000000000 0.0000000027
13.4100000000 0.0000000025
13.4200000000 0.0000000024
13.4300000000 0.0000000022
13.4400000000 0.0000000021
13.4500000000 0.0000000020
13.4600000000 0.0000000019
13.4700000000 0.0000000018
13.4800000000 0.0000000017
13.4900000000 0.0000000017
13.5000000000 0.0000000016
13.5100000000 0.0000000015
13.5200000000 0.0000000014
13.5300000000 0.0000000014
13.5400000000 0.0000000013
13.5500000000 0.0000000012
13.5600000000 0.0000000011
13.5700000000 0.0000000010
13.5800000000 0.0000000009
13.5900000000 0.0000000008
13.6000000000 0.0000000007
13.6100000000 0.0000000006
13.6200000000 0.0000000005
13.6300000000 0.0000000004
13.6400000000 0.0000000004
13.6500000000 0.0000000003
13.6600000000 0.0000000003
13.6700000000 0.0000000002
13.6800000000 0.0000000002
13.6900000000 0.0000000002
13.7000000000 0.0000000002
13.7100000000 0.0000000002
13.7200000000 0.0000000002
13.7300000000 0.0000000002
13.7400000000 0.0000000003
13.7500000000 0.0000000003
13.7600000000 0.0000000003
13.7700000000 0.0000000003
13.7800000000 0.0000000003
13.7900000000 0.0000000003
13.8000000000 0.0000000003
13.8100000000 0.0000000003
13.8200000000 0.0000000003
13.8300000000 0.0000000003
13.8400000000 0.0000000002
13.8500000000 0.0000000002
13.8600000000 0.0000000002
13.8700000000 0.0000000002
13.8800000000 0.0000000002
13.8900000000 0.0000000002
13.9000000000 0.0000000002
13.9100000000 0.0000000002
13.9200000000 0.0000000002
13.9300000000 0.0000000002
13.9400000000 0.0000000002
13.9500000000 0.0000000002
13.9600000000 0.0000000002
13.9700000000 0.0000000002
13.9800000000 0.0000000002
13.9900000000 0.0000000002
14.0000000000 0.0000000002
14.0100000000 0.0000000002
14.0200000000 0.0000000002
14.0300000000 0.0000000002
14.0400000000 0.0000000002
14.0500000000 0.0000000002
14.0600000000 0.0000000002
14.0700000000 0.0000000002
14.0800000000 0.0000000002
14.0900000000 0.0000000002
14.1000000000 0.0000000002
14.1100000000 0.0000000002
14.1200000000 0.0000000002
14.1300000000 0.0000000002
14.1400000000 0.0000000002
14.1500000000 0.0000000002
14.1600000000 0.0000000002
14.1700000000 0.0000000002
14.1800000000 0.0000000002
14.1900000000 0.0000000002
14.2000000000 0.0000000002
14.2100000000 0.0000000002
14.2200000000 0.0000000002
14.2300000000 0.0000000002
14.2400000000 0.0000000001
14.2500000000 0.0000000001
14.2600000000 0.0000000001
14.2700000000 0.0000000001
14.2800000000 0.0000000001
14.2900000000 0.0000000001
14.3000000000 0.0000000001
14.3100000000 0.0000000001
14.3200000000 0.0000000001
14.3300000000 0.0000000001
14.3400000000 0.0000000001
14.3500000000 0.0000000001
14.3600000000 0.0000000001
14.3700000000 0.0000000001
14.3800000000 0.0000000001
14.3900000000 0.0000000001
14.4000000000 0.0000000001
14.4100000000 0.0000000001
14.4200000000 0.0000000001
14.4300000000 0.0000000001
14.4400000000 0.0000000001
14.4500000000 0.0000000001
14.4600000000 0.0000000001
14.4700000000 0.0000000001
14.4800000000 0.0000000001
14.4900000000 0.0000000001
14.5000000000 0.0000000001
14.5100000000 0.0000000001
14.5200000000 0.0000000001
14.5300000000 0.0000000001
14.5400000000 0.0000000001
14.5500000000 0.0000000001
14.5600000000 0.0000000001
14.5700000000 0.0000000001
14.5800000000 0.0000000001
14.5900000000 0.0000000001
14.6000000000 0.0000000001
14.6100000000 0.0000000001
14.6200000000 0.0000000001
14.6300000000 0.0000000001
14.6400000000 0.0000000001
14.6500000000 0.0000000001
14.6600000000 0.0000000001
14.6700000000 0.0000000001
14.6800000000 0.0000000001
14.6900000000 0.0000000001
14.7000000000 0.0000000001
14.7100000000 0.0000000001
14.7200000000 0.0000000001
14.7300000000 0.0000000001
14.7400000000 0.0000000001
14.7500000000 0.0000000001
14.7600000000 0.0000000001
14.7700000000 0.0000000001
14.7800000000 0.0000000001
14.7900000000 0.0000000001
14.8000000000 0.0000000001
14.8100000000 0.0000000001
14.8200000000 0.0000000001
14.8300000000 0.0000000001
14.8400000000 0.0000000000
14.8500000000 0.0000000000
14.8600000000 0.0000000000
14.8700000000 0.0000000000
14.8800000000 0.0000000000
14.8900000000 0.0000000000
14.9000000000 0.0000000000
14.9100000000 0.0000000000
14.9200000000 0.0000000000
14.9300000000 0.0000000000
14.9400000000 0.0000000000
14.9500000000 0.0000000000
14.9600000000 0.0000000000
14.9700000000 0.0000000000
14.9800000000 0.0000000000
14.9900000000 0.0000000000
15.0000000000 0.0000000000
15.0100000000 0.0000000000
15.0200000000 0.0000000000
15.0300000000 0.0000000000
15.0400000000 0.0000000000
15.0500000000 0.0000000000
15.0600000000 0.0000000000
15.0700000000 0.0000000000
15.0800000000 0.0000000000
15.0900000000 0.0000000000
15.1000000000 0.0000000000
15.1100000000 0.0000000000
15.1200000000 0.0000000000
15.1300000000 0.0000000000
15.1400000000 0.0000000000
15.1500000000 0.0000000000
15.1600000000 0.0000000000
15.1700000000 0.0000000000
15.1800000000 0.0000000000
15.1900000000 0.0000000000
15.2000000000 0.0000000000
15.2100000000 0.0000000000
15.2200000000 0.0000000000
15.2300000000 0.0000000000
15.2400000000 0.0000000000
15.2500000000 0.0000000000
15.2600000000 0.0000000000
15.2700000000 0.0000000000
15.2800000000 0.0000000000
15.2900000000 0.0000000000
15.3000000000 0.0000000000
15.3100000000 0.0000000000
15.3200000000 0.0000000000
15.3300000000 0.0000000000
15.3400000000 0.0000000000
15.3500000000 0.0000000000
15.3600000000 0.0000000000
15.3700000000 0.0000000000
15.3800000000 0.0000000000
15.3900000000 0.0000000000
15.4000000000 0.0000000000
15.4100000000 0.0000000000
15.4200000000 0.0000000000
15.4300000000 0.0000000000
15.4400000000 0.0000000000
15.4500000000 0.0000000000
15.4600000000 0.0000000000
15.4700000000 0.0000000000
15.4800000000 0.0000000000
15.4900000000 0.0000000000
15.5000000000 0.0000000000
15.5100000000 0.0000000000
15.5200000000 0.0000000000
15.5300000000 0.0000000000
15.5400000000 0.0000000000
15.5500000000 0.0000000000
15.5600000000 0.0000000000
15.5700000000 0.0000000000
15.5800000000 0.0000000000
15.5900000000 0.0000000000
15.6000000000 0.0000000000
15.6100000000 0.0000000000
15.6200000000 0.0000000000
15.6300000000 0.0000000000
15.6400000000 0.0000000000
15.6500000000 0.0000000000
15.6600000000 0.0000000000
15.6700000000 0.0000000000
15.6800000000 0.0000000000
15.6900000000 0.0000000000
15.7000000000 0.0000000000
15.7100000000 0.0000000000
15.7200000000 0.0000000000
15.7300000000 0.0000000000
15.7400000000 0.0000000000
15.7500000000 0.0000000000
15.7600000000 0.0000000000
15.7700000000 0.0000000000
15.7800000000 0.0000000000
15.7900000000 0.0000000000
15.8000000000 0.0000000000
15.8100000000 0.0000000000
15.8200000000 0.0000000000
15.8300000000 0.0000000000
15.8400000000 0.0000000000
15.8500000000 0.0000000000
15.8600000000 0.0000000000
15.8700000000 0.0000000000
15.8800000000 0.0000000000
15.8900000000 0.0000000000
15.9000000000 0.0000000000
15.9100000000 0.0000000000
15.9200000000 0.0000000000
15.9300000000 0.0000000000
15.9400000000 0.0000000000
15.9500000000 0.0000000000
15.9600000000 0.0000000000
15.9700000000 0.0000000000
15.9800000000 0.0000000000
15.9900000000 0.0000000000
16.0000000000 0.0000000000
16.0100000000 0.0000000000
16.0200000000 0.0000000000
16.0300000000 0.0000000000
16.0400000000 0.0000000000
16.0500000000 0.0000000000
16.0600000000 0.0000000000
16.0700000000 0.0000000000
16.0800000000 0.0000000000
16.0900000000 0.0000000000
16.1000000000 0.0000000000
16.1100000000 0.0000000000
16.1200000000 0.0000000000
16.1300000000 0.0000000000
16.1400000000 0.0000000000
16.1500000000 0.0000000000
16.1600000000 0.0000000000
16.1700000000 0.0000000000
16.1800000000 0.0000000000
16.1900000000 0.0000000000
16.2000000000 0.0000000000
16.2100000000 0.0000000000
16.2200000000 0.0000000000
16.2300000000 0.0000000000
16.2400000000 0.0000000000
16.2500000000 0.0000000000
16.2600000000 0.0000000000
16.2700000000 0.0000000000
16.2800000000 0.0000000000
16.2900000000 0.0000000000
16.3000000000 0.0000000000
16.3100000000 0.0000000000
16.3200000000 0.0000000000
16.3300000000 0.0000000000
16.3400000000 0.0000000000
16.3500000000 -0.0000000000
16.3600000000 -0.0000000000
16.3700000000 -0.0000000000
16.3800000000 -0.0000000000
16.3900000000 -0.0000000000
16.4000000000 -0.0000000000
16.4100000000 -0.0000000000
16.4200000000 -0.0000000000
16.4300000000 -0.0000000000
16.4400000000 -0.0000000000
16.4500000000 -0.0000000000
16.4600000000 0.0000000000
16.4700000000 0.0000000000
16.4800000000 0.0000000000
16.4900000000 0.0000000000
16.5000000000 0.0000000000
16.5100000000 0.0000000000
16.5200000000 0.0000000000
16.5300000000 0.0000000000
16.5400000000 0.0000000000
16.5500000000 -0.0000000000
16.5600000000 -0.0000000000
16.5700000000 -0.0000000000
16.5800000000 -0.0000000000
16.5900000000 -0.0000000000
16.6000000000 -0.0000000000
16.6100000000 -0.0000000000
16.6200000000 -0.0000000000
16.6300000000 -0.0000000000
16.6400000000 -0.0000000000
16.6500000000 -0.0000000000
16.6600000000 -0.0000000000
16.6700000000 0.0000000000
16.6800000000 0.0000000000
16.6900000000 0.0000000000
16.7000000000 0.0000000000
16.7100000000 0.0000000000
16.7200000000 0.0000000000
16.7300000000 0.0000000000
16.7400000000 0.0000000000
16.7500000000 0.0000000000
16.7600000000 0.0000000000
16.7700000000 0.0000000000
16.7800000000 0.0000000000
16.7900000000 0.0000000000
16.8000000000 0.0000000000
16.8100000000 0.0000000000
16.8200000000 0.0000000000
16.8300000000 0.0000000000
16.8400000000 0.0000000000
16.8500000000 0.0000000000
16.8600000000 0.0000000000
16.8700000000 0.0000000000
16.8800000000 0.0000000000
16.8900000000 0.0000000000
16.9000000000 0.0000000000
16.9100000000 0.0000000000
16.9200000000 0.0000000000
16.9300000000 0.0000000000
16.9400000000 0.0000000000
16.9500000000 -0.0000000000
16.9600000000 -0.0000000000
16.9700000000 -0.0000000000
16.9800000000 -0.0000000000
16.9900000000 -0.0000000000
17.0000000000 -0.0000000000
17.0100000000 -0.0000000000
17.0200000000 -0.0000000000
17.0300000000 -0.0000000000
17.0400000000 -0.0000000000
17.0500000000 -0.0000000000
17.0600000000 -0.0000000000
17.0700000000 -0.0000000000
17.0800000000 -0.0000000000
17.0900000000 -0.0000000000
17.1000000000 -0.0000000000
17.1100000000 -0.0000000000
17.1200000000 -0.0000000000
17.1300000000 -0.0000000000
17.1400000000 -0.0000000000
17.1500000000 -0.0000000000
17.1600000000 -0.0000000000
17.1700000000 -0.0000000000
17.1800000000 -0.0000000000
17.1900000000 -0.0000000000
17.2000000000 -0.0000000000
17.2100000000 -0.0000000000
17.2200000000 -0.0000000000
17.2300000000 -0.0000000000
17.2400000000 -0.0000000000
17.2500000000 -0.0000000000
17.2600000000 -0.0000000000
17.2700000000 -0.0000000000
17.2800000000 -0.0000000000
17.2900000000 -0.0000000000
17.3000000000 -0.0000000000
17.3100000000 -0.0000000000
17.3200000000 -0.0000000000
17.3300000000 0.0000000000
17.3400000000 0.0000000000
17.3500000000 0.0000000000
17.3600000000 0.0000000000
17.3700000000 0.0000000000
17.3800000000 0.0000000000
17.3900000000 -0.0000000000
17.4000000000 -0.0000000000
17.4100000000 -0.0000000000
17.4200000000 -0.0000000000
17.4300000000 -0.0000000000
17.4400000000 -0.0000000000
17.4500000000 -0.0000000000
17.4600000000 -0.0000000000
17.4700000000 -0.0000000000
17.4800000000 -0.0000000000
17.4900000000 -0.0000000000
17.5000000000 0.0000000000
17.5100000000 0.0000000000
17.5200000000 0.0000000000
17.5300000000 0.0000000000
17.5400000000 0.0000000000
17.5500000000 0.0000000000
17.5600000000 0.0000000000
17.5700000000 0.0000000000
17.5800000000 0.0000000000
17.5900000000 0.0000000000
17.6000000000 0.0000000000
17.6100000000 0.0000000000
17.6200000000 0.0000000000
17.6300000000 0.0000000000
17.6400000000 0.0000000000
17.6500000000 -0.0000000000
17.6600000000 -0.0000000000
17.6700000000 -0.0000000000
17.6800000000 -0.0000000000
17.6900000000 -0.0000000000
17.7000000000 -0.0000000000
17.7100000000 0.0000000000
17.7200000000 0.0000000000
17.7300000000 0.0000000000
17.7400000000 0.0000000000
17.7500000000 0.0000000000
17.7600000000 0.0000000000
17.7700000000 0.0000000000
17.7800000000 0.0000000000
17.7900000000 0.0000000000
17.8000000000 0.0000000000
17.8100000000 0.0000000000
17.8200000000 0.0000000000
17.8300000000 0.0000000000
17.8400000000 0.0000000000
17.8500000000 -0.0000000000
17.8600000000 -0.0000000000
17.8700000000 -0.0000000000
17.8800000000 -0.0000000000
17.8900000000 -0.0000000000
17.9000000000 0.0000000000
17.9100000000 0.0000000000
17.9200000000 0.0000000000
17.9300000000 0.0000000000
17.9400000000 0.0000000000
17.9500000000 0.0000000000
17.9600000000 0.0000000000
17.9700000000 -0.0000000000
17.9800000000 -0.0000000000
17.9900000000 -0.0000000000
18.0000000000 -0.0000000000
18.0100000000 -0.0000000000
18.0200000000 -0.0000000000
18.0300000000 -0.0000000000
18.0400000000 -0.0000000000
18.0500000000 -0.0000000000
18.0600000000 -0.0000000000
18.0700000000 -0.0000000000
18.0800000000 -0.0000000000
18.0900000000 -0.0000000000
18.1000000000 -0.0000000000
18.1100000000 -0.0000000000
18.1200000000 -0.0000000000
18.1300000000 -0.0000000000
18.1400000000 -0.0000000000
18.1500000000 -0.0000000000
18.1600000000 -0.0000000000
18.1700000000 -0.0000000000
18.1800000000 -0.0000000000
18.1900000000 -0.0000000000
18.2000000000 -0.0000000000
18.2100000000 -0.0000000000
18.2200000000 -0.0000000000
18.2300000000 -0.0000000000
18.2400000000 -0.0000000000
18.2500000000 -0.0000000000
18.2600000000 -0.0000000000
18.2700000000 -0.0000000000
18.2800000000 -0.0000000000
18.2900000000 -0.0000000000
18.3000000000 -0.0000000000
18.3100000000 -0.0000000000
18.3200000000 -0.0000000000
18.3300000000 -0.0000000000
18.3400000000 -0.0000000000
18.3500000000 0.0000000000
18.3600000000 0.0000000000
18.3700000000 0.0000000000
18.3800000000 0.0000000000
18.3900000000 0.0000000000
18.4000000000 0.0000000000
18.4100000000 0.0000000000
18.4200000000 0.0000000000
18.4300000000 0.0000000000
18.4400000000 0.0000000000
18.4500000000 0.0000000000
18.4600000000 0.0000000000
18.4700000000 0.0000000000
18.4800000000 0.0000000000
18.4900000000 0.0000000000
18.5000000000 0.0000000000
18.5100000000 0.0000000000
18.5200000000 0.0000000000
18.5300000000 -0.0000000000
18.5400000000 -0.0000000000
18.5500000000 -0.0000000000
18.5600000000 -0.0000000000
18.5700000000 -0.0000000000
18.5800000000 -0.0000000000
18.5900000000 -0.0000000000
18.6000000000 -0.0000000000
18.6100000000 -0.0000000000
18.6200000000 -0.0000000000
18.6300000000 -0.0000000000
18.6400000000 -0.0000000000
18.6500000000 -0.0000000000
18.6600000000 -0.0000000000
18.6700000000 -0.0000000000
18.6800000000 -0.0000000000
18.6900000000 0.0000000000
18.7000000000 0.0000000000
18.7100000000 0.0000000000
18.7200000000 0.0000000000
18.7300000000 0.0000000000
18.7400000000 0.0000000000
18.7500000000 0.0000000000
18.7600000000 0.0000000000
18.7700000000 0.0000000000
18.7800000000 0.0000000000
18.7900000000 0.0000000000
18.8000000000 0.0000000000
18.8100000000 0.0000000000
18.8200000000 0.0000000000
18.8300000000 0.0000000000
18.8400000000 0.0000000000
18.8500000000 0.0000000000
18.8600000000 0.0000000000
18.8700000000 0.0000000000
18.8800000000 0.0000000000
18.8900000000 -0.0000000000
18.9000000000 -0.0000000000
18.9100000000 -0.0000000000
18.9200000000 -0.0000000000
18.9300000000 -0.0000000000
18.9400000000 -0.0000000000
18.9500000000 -0.0000000000
18.9600000000 -0.0000000000
18.9700000000 -0.0000000000
18.9800000000 -0.0000000000
18.9900000000 -0.0000000000
19.0000000000 0.0000000000
19.0100000000 0.0000000000
19.0200000000 0.0000000000
19.0300000000 0.0000000000
19.0400000000 0.0000000000
19.0500000000 0.0000000000
19.0600000000 0.0000000000
19.0700000000 0.0000000000
19.0800000000 0.0000000000
19.0900000000 0.0000000000
19.1000000000 0.0000000000
19.1100000000 0.0000000000
19.1200000000 0.0000000000
19.1300000000 0.0000000000
19.1400000000 -0.0000000000
19.1500000000 -0.0000000000
19.1600000000 -0.0000000000
19.1700000000 -0.0000000000
19.1800000000 -0.0000000000
19.1900000000 -0.0000000000
19.2000000000 0.0000000000
19.2100000000 0.0000000000
19.2200000000 0.0000000000
19.2300000000 0.0000000000
19.2400000000 0.0000000000
19.2500000000 0.0000000000
19.2600000000 0.0000000000
19.2700000000 0.0000000000
19.2800000000 0.0000000000
19.2900000000 0.0000000000
19.3000000000 0.0000000000
19.3100000000 -0.0000000000
19.3200000000 -0.0000000000
19.3300000000 -0.0000000000
19.3400000000 -0.0000000000
19.3500000000 -0.0000000000
19.3600000000 -0.0000000000
19.3700000000 -0.0000000000
19.3800000000 -0.0000000000
19.3900000000 0.0000000000
19.4000000000 0.0000000000
19.4100000000 0.0000000000
19.4200000000 0.0000000000
19.4300000000 0.0000000000
19.4400000000 0.0000000000
19.4500000000 0.0000000000
19.4600000000 0.0000000000
19.4700000000 0.0000000000
19.4800000000 0.0000000000
19.4900000000 0.0000000000
19.5000000000 0.0000000000
19.5100000000 0.0000000000
19.5200000000 -0.0000000000
19.5300000000 -0.0000000000
19.5400000000 -0.0000000000
19.5500000000 -0.0000000000
19.5600000000 -0.0000000000
19.5700000000 -0.0000000000
19.5800000000 -0.0000000000
19.5900000000 -0.0000000000
19.6000000000 -0.0000000000
19.6100000000 -0.0000000000
19.6200000000 -0.0000000000
19.6300000000 0.0000000000
19.6400000000 0.0000000000
19.6500000000 0.0000000000
19.6600000000 0.0000000000
19.6700000000 0.0000000000
19.6800000000 0.0000000000
19.6900000000 0.0000000000
19.7000000000 0.0000000000
19.7100000000 0.0000000000
19.7200000000 0.0000000000
19.7300000000 0.0000000000
19.7400000000 0.0000000000
19.7500000000 0.0000000000
19.7600000000 0.0000000000
19.7700000000 0.0000000000
19.7800000000 0.0000000000
19.7900000000 -0.0000000000
19.8000000000 -0.0000000000
19.8100000000 -0.0000000000
19.8200000000 -0.0000000000
19.8300000000 -0.0000000000
19.8400000000 -0.0000000000
