# Converted from data/reactor/flux/Fallot_1208.3877/fallot_Pu241.dat with step of 0.010000
0.0500000000 0.3095320000
0.0600000000 0.3829582700
0.0700000000 0.4484505373
0.0800000000 0.5068314887
0.0900000000 0.5589238111
0.1000000000 0.6055501914
0.1100000000 0.6475333163
0.1200000000 0.6856958728
0.1300000000 0.7208605477
0.1400000000 0.7538500278
0.1500000000 0.7854870000
0.1600000000 0.8165347812
0.1700000000 0.8475192089
0.1800000000 0.8789067505
0.1900000000 0.9111638735
0.2000000000 0.9447570453
0.2100000000 0.9801527336
0.2200000000 1.0178174057
0.2300000000 1.0582175291
0.2400000000 1.1018195714
0.2500000000 1.1490900000
0.2600000000 1.2002994140
0.2700000000 1.2549349391
0.2800000000 1.3122878324
0.2900000000 1.3716493510
0.3000000000 1.4323107523
0.3100000000 1.4935632934
0.3200000000 1.5546982315
0.3300000000 1.6150068239
0.3400000000 1.6737803276
0.3500000000 1.7303100000
0.3600000000 1.7840013356
0.3700000000 1.8347167787
0.3800000000 1.8824330111
0.3900000000 1.9271267144
0.4000000000 1.9687745704
0.4100000000 2.0073532607
0.4200000000 2.0428394672
0.4300000000 2.0752098714
0.4400000000 2.1044411551
0.4500000000 2.1305100000
0.4600000000 2.1534421735
0.4700000000 2.1734597860
0.4800000000 2.1908340332
0.4900000000 2.2058361113
0.5000000000 2.2187372161
0.5100000000 2.2298085436
0.5200000000 2.2393212898
0.5300000000 2.2475466506
0.5400000000 2.2547558220
0.5500000000 2.2612200000
0.5600000000 2.2671560402
0.5700000000 2.2725634374
0.5800000000 2.2773873461
0.5900000000 2.2815729205
0.6000000000 2.2850653153
0.6100000000 2.2878096849
0.6200000000 2.2897511837
0.6300000000 2.2908349662
0.6400000000 2.2910061868
0.6500000000 2.2902100000
0.6600000000 2.2884359555
0.6700000000 2.2858511843
0.6800000000 2.2826672126
0.6900000000 2.2790955666
0.7000000000 2.2753477726
0.7100000000 2.2716353567
0.7200000000 2.2681698453
0.7300000000 2.2651627646
0.7400000000 2.2628256407
0.7500000000 2.2613700000
0.7600000000 2.2609350077
0.7700000000 2.2613703854
0.7800000000 2.2624534936
0.7900000000 2.2639616931
0.8000000000 2.2656723444
0.8100000000 2.2673628081
0.8200000000 2.2688104450
0.8300000000 2.2697926155
0.8400000000 2.2700866803
0.8500000000 2.2694700000
0.8600000000 2.2677563437
0.8700000000 2.2649051143
0.8800000000 2.2609121230
0.8900000000 2.2557731811
0.9000000000 2.2494840999
0.9100000000 2.2420406907
0.9200000000 2.2334387649
0.9300000000 2.2236741336
0.9400000000 2.2127426082
0.9500000000 2.2006400000
0.9600000000 2.1873927274
0.9700000000 2.1731496375
0.9800000000 2.1580901845
0.9900000000 2.1423938226
1.0000000000 2.1262400060
1.0100000000 2.1098081890
1.0200000000 2.0932778256
1.0300000000 2.0768283702
1.0400000000 2.0606392769
1.0500000000 2.0448900000
1.0600000000 2.0297043566
1.0700000000 2.0149836156
1.0800000000 2.0005734089
1.0900000000 1.9863193684
1.1000000000 1.9720671259
1.1100000000 1.9576623134
1.1200000000 1.9429505627
1.1300000000 1.9277775056
1.1400000000 1.9119887741
1.1500000000 1.8954300000
1.1600000000 1.8780129463
1.1700000000 1.8599139001
1.1800000000 1.8413752799
1.1900000000 1.8226395038
1.2000000000 1.8039489902
1.2100000000 1.7855461574
1.2200000000 1.7676734237
1.2300000000 1.7505732073
1.2400000000 1.7344879267
1.2500000000 1.7196600000
1.2600000000 1.7062709984
1.2700000000 1.6942591039
1.2800000000 1.6835016517
1.2900000000 1.6738759765
1.3000000000 1.6652594133
1.3100000000 1.6575292970
1.3200000000 1.6505629626
1.3300000000 1.6442377450
1.3400000000 1.6384309792
1.3500000000 1.6330200000
1.3600000000 1.6278987603
1.3700000000 1.6230276841
1.3800000000 1.6183838135
1.3900000000 1.6139441903
1.4000000000 1.6096858567
1.4100000000 1.6055858546
1.4200000000 1.6016212258
1.4300000000 1.5977690125
1.4400000000 1.5940062566
1.4500000000 1.5903100000
1.4600000000 1.5866540806
1.4700000000 1.5829995197
1.4800000000 1.5793041345
1.4900000000 1.5755257421
1.5000000000 1.5716221598
1.5100000000 1.5675512047
1.5200000000 1.5632706940
1.5300000000 1.5587384449
1.5400000000 1.5539122745
1.5500000000 1.5487500000
1.5600000000 1.5432235473
1.5700000000 1.5373612771
1.5800000000 1.5312056586
1.5900000000 1.5247991611
1.6000000000 1.5181842540
1.6100000000 1.5114034066
1.6200000000 1.5044990881
1.6300000000 1.4975137680
1.6400000000 1.4904899155
1.6500000000 1.4834700000
1.6600000000 1.4764851401
1.6700000000 1.4695210520
1.6800000000 1.4625521013
1.6900000000 1.4555526535
1.7000000000 1.4484970742
1.7100000000 1.4413597290
1.7200000000 1.4341149834
1.7300000000 1.4267372030
1.7400000000 1.4192007534
1.7500000000 1.4114800000
1.7600000000 1.4035571023
1.7700000000 1.3954453950
1.7800000000 1.3871660064
1.7900000000 1.3787400649
1.8000000000 1.3701886991
1.8100000000 1.3615330374
1.8200000000 1.3527942082
1.8300000000 1.3439933399
1.8400000000 1.3351515610
1.8500000000 1.3262900000
1.8600000000 1.3174299706
1.8700000000 1.3085935281
1.8800000000 1.2998029133
1.8900000000 1.2910803668
1.9000000000 1.2824481293
1.9100000000 1.2739284414
1.9200000000 1.2655435438
1.9300000000 1.2573156773
1.9400000000 1.2492670825
1.9500000000 1.2414200000
1.9600000000 1.2337845053
1.9700000000 1.2263220124
1.9800000000 1.2189817704
1.9900000000 1.2117130279
2.0000000000 1.2044650338
2.0100000000 1.1971870371
2.0200000000 1.1898282865
2.0300000000 1.1823380309
2.0400000000 1.1746655191
2.0500000000 1.1667600000
2.0600000000 1.1585868883
2.0700000000 1.1501762621
2.0800000000 1.1415743652
2.0900000000 1.1328274417
2.1000000000 1.1239817354
2.1100000000 1.1150834903
2.1200000000 1.1061789503
2.1300000000 1.0973143593
2.1400000000 1.0885359612
2.1500000000 1.0798900000
2.1600000000 1.0714119815
2.1700000000 1.0630944592
2.1800000000 1.0549192487
2.1900000000 1.0468681653
2.2000000000 1.0389230244
2.2100000000 1.0310656416
2.2200000000 1.0232778324
2.2300000000 1.0155414120
2.2400000000 1.0078381961
2.2500000000 1.0001500000
2.2600000000 0.9924636747
2.2700000000 0.9847862130
2.2800000000 0.9771296431
2.2900000000 0.9695059933
2.3000000000 0.9619272919
2.3100000000 0.9544055671
2.3200000000 0.9469528473
2.3300000000 0.9395811606
2.3400000000 0.9323025355
2.3500000000 0.9251290000
2.3600000000 0.9180718517
2.3700000000 0.9111394649
2.3800000000 0.9043394831
2.3900000000 0.8976795497
2.4000000000 0.8911673081
2.4100000000 0.8848104019
2.4200000000 0.8786164745
2.4300000000 0.8725931694
2.4400000000 0.8667481301
2.4500000000 0.8610890000
2.4600000000 0.8556137054
2.4700000000 0.8502813033
2.4800000000 0.8450411336
2.4900000000 0.8398425361
2.5000000000 0.8346348508
2.5100000000 0.8293674173
2.5200000000 0.8239895757
2.5300000000 0.8184506657
2.5400000000 0.8127000272
2.5500000000 0.8066870000
2.5600000000 0.8003813519
2.5700000000 0.7938345620
2.5800000000 0.7871185377
2.5900000000 0.7803051859
2.6000000000 0.7734664139
2.6100000000 0.7666741287
2.6200000000 0.7600002376
2.6300000000 0.7535166477
2.6400000000 0.7472952661
2.6500000000 0.7414080000
2.6600000000 0.7359048642
2.6700000000 0.7307483046
2.6800000000 0.7258788748
2.6900000000 0.7212371283
2.7000000000 0.7167636188
2.7100000000 0.7123988997
2.7200000000 0.7080835247
2.7300000000 0.7037580474
2.7400000000 0.6993630213
2.7500000000 0.6948390000
2.7600000000 0.6901416332
2.7700000000 0.6852869554
2.7800000000 0.6803060971
2.7900000000 0.6752301888
2.8000000000 0.6700903610
2.8100000000 0.6649177444
2.8200000000 0.6597434694
2.8300000000 0.6545986667
2.8400000000 0.6495144667
2.8500000000 0.6445220000
2.8600000000 0.6396460598
2.8700000000 0.6348860897
2.8800000000 0.6302351959
2.8900000000 0.6256864846
2.9000000000 0.6212330622
2.9100000000 0.6168680347
2.9200000000 0.6125845086
2.9300000000 0.6083755899
2.9400000000 0.6042343850
2.9500000000 0.6001540000
2.9600000000 0.5961289336
2.9700000000 0.5921592539
2.9800000000 0.5882464215
2.9900000000 0.5843918968
3.0000000000 0.5805971403
3.0100000000 0.5768636127
3.0200000000 0.5731927743
3.0300000000 0.5695860857
3.0400000000 0.5660450074
3.0500000000 0.5625710000
3.0600000000 0.5591623318
3.0700000000 0.5558045026
3.0800000000 0.5524798202
3.0900000000 0.5491705922
3.1000000000 0.5458591265
3.1100000000 0.5425277306
3.1200000000 0.5391587123
3.1300000000 0.5357343793
3.1400000000 0.5322370393
3.1500000000 0.5286490000
3.1600000000 0.5249586783
3.1700000000 0.5211789277
3.1800000000 0.5173287108
3.1900000000 0.5134269903
3.2000000000 0.5094927288
3.2100000000 0.5055448891
3.2200000000 0.5016024336
3.2300000000 0.4976843252
3.2400000000 0.4938095265
3.2500000000 0.4899970000
3.2600000000 0.4862607280
3.2700000000 0.4825947707
3.2800000000 0.4789882076
3.2900000000 0.4754301186
3.3000000000 0.4719095832
3.3100000000 0.4684156811
3.3200000000 0.4649374921
3.3300000000 0.4614640958
3.3400000000 0.4579845719
3.3500000000 0.4544880000
3.3600000000 0.4509662587
3.3700000000 0.4474224217
3.3800000000 0.4438623618
3.3900000000 0.4402919515
3.4000000000 0.4367170634
3.4100000000 0.4331435703
3.4200000000 0.4295773448
3.4300000000 0.4260242595
3.4400000000 0.4224901870
3.4500000000 0.4189810000
3.4600000000 0.4155016343
3.4700000000 0.4120532785
3.4800000000 0.4086361844
3.4900000000 0.4052506036
3.5000000000 0.4018967881
3.5100000000 0.3985749895
3.5200000000 0.3952854596
3.5300000000 0.3920284502
3.5400000000 0.3888042131
3.5500000000 0.3856130000
3.5600000000 0.3824555261
3.5700000000 0.3793343603
3.5800000000 0.3762525348
3.5900000000 0.3732130820
3.6000000000 0.3702190342
3.6100000000 0.3672734237
3.6200000000 0.3643792827
3.6300000000 0.3615396435
3.6400000000 0.3587575385
3.6500000000 0.3560360000
3.6600000000 0.3533764433
3.6700000000 0.3507738165
3.6800000000 0.3482214504
3.6900000000 0.3457126763
3.7000000000 0.3432408251
3.7100000000 0.3407992279
3.7200000000 0.3383812157
3.7300000000 0.3359801197
3.7400000000 0.3335892707
3.7500000000 0.3312020000
3.7600000000 0.3288128796
3.7700000000 0.3264214459
3.7800000000 0.3240284765
3.7900000000 0.3216347489
3.8000000000 0.3192410405
3.8100000000 0.3168481288
3.8200000000 0.3144567915
3.8300000000 0.3120678059
3.8400000000 0.3096819495
3.8500000000 0.3073000000
3.8600000000 0.3049214643
3.8700000000 0.3025407678
3.8800000000 0.3001510655
3.8900000000 0.2977455123
3.9000000000 0.2953172631
3.9100000000 0.2928594728
3.9200000000 0.2903652965
3.9300000000 0.2878278889
3.9400000000 0.2852404051
3.9500000000 0.2825960000
3.9600000000 0.2798918492
3.9700000000 0.2771412107
3.9800000000 0.2743613634
3.9900000000 0.2715695860
4.0000000000 0.2687831572
4.0100000000 0.2660193559
4.0200000000 0.2632954607
4.0300000000 0.2606287505
4.0400000000 0.2580365040
4.0500000000 0.2555360000
4.0600000000 0.2531388411
4.0700000000 0.2508339254
4.0800000000 0.2486044750
4.0900000000 0.2464337119
4.1000000000 0.2443048581
4.1100000000 0.2422011357
4.1200000000 0.2401057666
4.1300000000 0.2380019730
4.1400000000 0.2358729768
4.1500000000 0.2337020000
4.1600000000 0.2314775856
4.1700000000 0.2292095597
4.1800000000 0.2269130697
4.1900000000 0.2246032625
4.2000000000 0.2222952853
4.2100000000 0.2200042854
4.2200000000 0.2177454097
4.2300000000 0.2155338055
4.2400000000 0.2133846199
4.2500000000 0.2113130000
4.2600000000 0.2093295877
4.2700000000 0.2074270037
4.2800000000 0.2055933633
4.2900000000 0.2038167822
4.3000000000 0.2020853755
4.3100000000 0.2003872588
4.3200000000 0.1987105475
4.3300000000 0.1970433570
4.3400000000 0.1953738027
4.3500000000 0.1936900000
4.3600000000 0.1919826647
4.3700000000 0.1902529136
4.3800000000 0.1885044639
4.3900000000 0.1867410329
4.4000000000 0.1849663377
4.4100000000 0.1831840954
4.4200000000 0.1813980233
4.4300000000 0.1796118386
4.4400000000 0.1778292584
4.4500000000 0.1760540000
4.4600000000 0.1742889866
4.4700000000 0.1725339659
4.4800000000 0.1707878919
4.4900000000 0.1690497182
4.5000000000 0.1673183989
4.5100000000 0.1655928876
4.5200000000 0.1638721382
4.5300000000 0.1621551046
4.5400000000 0.1604407406
4.5500000000 0.1587280000
4.5600000000 0.1570166240
4.5700000000 0.1553095026
4.5800000000 0.1536103135
4.5900000000 0.1519227341
4.6000000000 0.1502504419
4.6100000000 0.1485971143
4.6200000000 0.1469664289
4.6300000000 0.1453620630
4.6400000000 0.1437876942
4.6500000000 0.1422470000
4.6600000000 0.1407428566
4.6700000000 0.1392749355
4.6800000000 0.1378421069
4.6900000000 0.1364432412
4.7000000000 0.1350772085
4.7100000000 0.1337428791
4.7200000000 0.1324391233
4.7300000000 0.1311648114
4.7400000000 0.1299188135
4.7500000000 0.1287000000
4.7600000000 0.1275067746
4.7700000000 0.1263356754
4.7800000000 0.1251827737
4.7900000000 0.1240441411
4.8000000000 0.1229158491
4.8100000000 0.1217939692
4.8200000000 0.1206745728
4.8300000000 0.1195537315
4.8400000000 0.1184275167
4.8500000000 0.1172920000
4.8600000000 0.1161446439
4.8700000000 0.1149884750
4.8800000000 0.1138279113
4.8900000000 0.1126673704
4.9000000000 0.1115112701
4.9100000000 0.1103640282
4.9200000000 0.1092300625
4.9300000000 0.1081137907
4.9400000000 0.1070196306
4.9500000000 0.1059520000
4.9600000000 0.1049138954
4.9700000000 0.1039026286
4.9800000000 0.1029140898
4.9900000000 0.1019441695
5.0000000000 0.1009887581
5.0100000000 0.1000437461
5.0200000000 0.0991050239
5.0300000000 0.0981684818
5.0400000000 0.0972300104
5.0500000000 0.0962855000
5.0600000000 0.0953318441
5.0700000000 0.0943699484
5.0800000000 0.0934017216
5.0900000000 0.0924290726
5.1000000000 0.0914539099
5.1100000000 0.0904781425
5.1200000000 0.0895036791
5.1300000000 0.0885324283
5.1400000000 0.0875662991
5.1500000000 0.0866072000
5.1600000000 0.0856563790
5.1700000000 0.0847124403
5.1800000000 0.0837733274
5.1900000000 0.0828369835
5.2000000000 0.0819013521
5.2100000000 0.0809643765
5.2200000000 0.0800240002
5.2300000000 0.0790781664
5.2400000000 0.0781248185
5.2500000000 0.0771619000
5.2600000000 0.0761884620
5.2700000000 0.0752079871
5.2800000000 0.0742250655
5.2900000000 0.0732442878
5.3000000000 0.0722702441
5.3100000000 0.0713075249
5.3200000000 0.0703607206
5.3300000000 0.0694344214
5.3400000000 0.0685332177
5.3500000000 0.0676617000
5.3600000000 0.0668230029
5.3700000000 0.0660144386
5.3800000000 0.0652318638
5.3900000000 0.0644711350
5.4000000000 0.0637281090
5.4100000000 0.0629986422
5.4200000000 0.0622785913
5.4300000000 0.0615638129
5.4400000000 0.0608501636
5.4500000000 0.0601335000
5.4600000000 0.0594108079
5.4700000000 0.0586835897
5.4800000000 0.0579544771
5.4900000000 0.0572261017
5.5000000000 0.0565010950
5.5100000000 0.0557820888
5.5200000000 0.0550717145
5.5300000000 0.0543726039
5.5400000000 0.0536873885
5.5500000000 0.0530187000
5.5600000000 0.0523684317
5.5700000000 0.0517355240
5.5800000000 0.0511181791
5.5900000000 0.0505145990
5.6000000000 0.0499229859
5.6100000000 0.0493415420
5.6200000000 0.0487684693
5.6300000000 0.0482019700
5.6400000000 0.0476402462
5.6500000000 0.0470815000
5.6600000000 0.0465244257
5.6700000000 0.0459696861
5.6800000000 0.0454184360
5.6900000000 0.0448718303
5.7000000000 0.0443310238
5.7100000000 0.0437971713
5.7200000000 0.0432714279
5.7300000000 0.0427549483
5.7400000000 0.0422488874
5.7500000000 0.0417544000
5.7600000000 0.0412719423
5.7700000000 0.0407991755
5.7800000000 0.0403330619
5.7900000000 0.0398705639
5.8000000000 0.0394086440
5.8100000000 0.0389442646
5.8200000000 0.0384743881
5.8300000000 0.0379959769
5.8400000000 0.0375059934
5.8500000000 0.0370014000
5.8600000000 0.0364802837
5.8700000000 0.0359452296
5.8800000000 0.0353999474
5.8900000000 0.0348481469
5.9000000000 0.0342935376
5.9100000000 0.0337398293
5.9200000000 0.0331907317
5.9300000000 0.0326499545
5.9400000000 0.0321212074
5.9500000000 0.0316082000
5.9600000000 0.0311139902
5.9700000000 0.0306390285
5.9800000000 0.0301831135
5.9900000000 0.0297460438
6.0000000000 0.0293276180
6.0100000000 0.0289276348
6.0200000000 0.0285458928
6.0300000000 0.0281821906
6.0400000000 0.0278363268
6.0500000000 0.0275081000
6.0600000000 0.0271968641
6.0700000000 0.0269001939
6.0800000000 0.0266152194
6.0900000000 0.0263390707
6.1000000000 0.0260688777
6.1100000000 0.0258017705
6.1200000000 0.0255348791
6.1300000000 0.0252653335
6.1400000000 0.0249902638
6.1500000000 0.0247068000
6.1600000000 0.0244130429
6.1700000000 0.0241109766
6.1800000000 0.0238035559
6.1900000000 0.0234937358
6.2000000000 0.0231844712
6.2100000000 0.0228787168
6.2200000000 0.0225794276
6.2300000000 0.0222895585
6.2400000000 0.0220120643
6.2500000000 0.0217499000
6.2600000000 0.0215051812
6.2700000000 0.0212766670
6.2800000000 0.0210622771
6.2900000000 0.0208599316
6.3000000000 0.0206675502
6.3100000000 0.0204830527
6.3200000000 0.0203043591
6.3300000000 0.0201293892
6.3400000000 0.0199560629
6.3500000000 0.0197823000
6.3600000000 0.0196064165
6.3700000000 0.0194283132
6.3800000000 0.0192482870
6.3900000000 0.0190666347
6.4000000000 0.0188836532
6.4100000000 0.0186996395
6.4200000000 0.0185148904
6.4300000000 0.0183297029
6.4400000000 0.0181443738
6.4500000000 0.0179592000
6.4600000000 0.0177744433
6.4700000000 0.0175902250
6.4800000000 0.0174066312
6.4900000000 0.0172237482
6.5000000000 0.0170416620
6.5100000000 0.0168604588
6.5200000000 0.0166802249
6.5300000000 0.0165010463
6.5400000000 0.0163230093
6.5500000000 0.0161462000
6.5600000000 0.0159706246
6.5700000000 0.0157959692
6.5800000000 0.0156218403
6.5900000000 0.0154478439
6.6000000000 0.0152735864
6.6100000000 0.0150986740
6.6200000000 0.0149227129
6.6300000000 0.0147453093
6.6400000000 0.0145660696
6.6500000000 0.0143846000
6.6600000000 0.0142007493
6.6700000000 0.0140153373
6.6800000000 0.0138294260
6.6900000000 0.0136440778
6.7000000000 0.0134603550
6.7100000000 0.0132793197
6.7200000000 0.0131020344
6.7300000000 0.0129295611
6.7400000000 0.0127629622
6.7500000000 0.0126033000
6.7600000000 0.0124512004
6.7700000000 0.0123055441
6.7800000000 0.0121647759
6.7900000000 0.0120273400
6.8000000000 0.0118916812
6.8100000000 0.0117562439
6.8200000000 0.0116194726
6.8300000000 0.0114798118
6.8400000000 0.0113357061
6.8500000000 0.0111856000
6.8600000000 0.0110284770
6.8700000000 0.0108654769
6.8800000000 0.0106982782
6.8900000000 0.0105285598
6.9000000000 0.0103580002
6.9100000000 0.0101882782
6.9200000000 0.0100210725
6.9300000000 0.0098580618
6.9400000000 0.0097009247
6.9500000000 0.0095513400
6.9600000000 0.0094103981
6.9700000000 0.0092768367
6.9800000000 0.0091488052
6.9900000000 0.0090244529
7.0000000000 0.0089019293
7.0100000000 0.0087793837
7.0200000000 0.0086549656
7.0300000000 0.0085268243
7.0400000000 0.0083931093
7.0500000000 0.0082519700
7.0600000000 0.0081022523
7.0700000000 0.0079455888
7.0800000000 0.0077843086
7.0900000000 0.0076207406
7.1000000000 0.0074572140
7.1100000000 0.0072960579
7.1200000000 0.0071396014
7.1300000000 0.0069901735
7.1400000000 0.0068501033
7.1500000000 0.0067217200
7.1600000000 0.0066066053
7.1700000000 0.0065033521
7.1800000000 0.0064098059
7.1900000000 0.0063238124
7.2000000000 0.0062432172
7.2100000000 0.0061658657
7.2200000000 0.0060896037
7.2300000000 0.0060122767
7.2400000000 0.0059317303
7.2500000000 0.0058458100
7.2600000000 0.0057529089
7.2700000000 0.0056536093
7.2800000000 0.0055490412
7.2900000000 0.0054403343
7.3000000000 0.0053286185
7.3100000000 0.0052150237
7.3200000000 0.0051006796
7.3300000000 0.0049867160
7.3400000000 0.0048742629
7.3500000000 0.0047644500
7.3600000000 0.0046581803
7.3700000000 0.0045554489
7.3800000000 0.0044560241
7.3900000000 0.0043596742
7.4000000000 0.0042661674
7.4100000000 0.0041752720
7.4200000000 0.0040867563
7.4300000000 0.0040003886
7.4400000000 0.0039159371
7.4500000000 0.0038331700
7.4600000000 0.0037519365
7.4700000000 0.0036724090
7.4800000000 0.0035948406
7.4900000000 0.0035194847
7.5000000000 0.0034465944
7.5100000000 0.0033764229
7.5200000000 0.0033092235
7.5300000000 0.0032452494
7.5400000000 0.0031847538
7.5500000000 0.0031279900
7.5600000000 0.0030750706
7.5700000000 0.0030255466
7.5800000000 0.0029788282
7.5900000000 0.0029343259
7.6000000000 0.0028914501
7.6100000000 0.0028496110
7.6200000000 0.0028082191
7.6300000000 0.0027666847
7.6400000000 0.0027244182
7.6500000000 0.0026808300
7.6600000000 0.0026354818
7.6700000000 0.0025885407
7.6800000000 0.0025403252
7.6900000000 0.0024911539
7.7000000000 0.0024413453
7.7100000000 0.0023912179
7.7200000000 0.0023410901
7.7300000000 0.0022912805
7.7400000000 0.0022421077
7.7500000000 0.0021938900
7.7600000000 0.0021468815
7.7700000000 0.0021010777
7.7800000000 0.0020564097
7.7900000000 0.0020128084
7.8000000000 0.0019702050
7.8100000000 0.0019285303
7.8200000000 0.0018877155
7.8300000000 0.0018476915
7.8400000000 0.0018083893
7.8500000000 0.0017697400
7.8600000000 0.0017316750
7.8700000000 0.0016941273
7.8800000000 0.0016570303
7.8900000000 0.0016203175
7.9000000000 0.0015839223
7.9100000000 0.0015477781
7.9200000000 0.0015118184
7.9300000000 0.0014759765
7.9400000000 0.0014401859
7.9500000000 0.0014043800
7.9600000000 0.0013684774
7.9700000000 0.0013323373
7.9800000000 0.0012958039
7.9900000000 0.0012587216
8.0000000000 0.0012209346
8.0100000000 0.0011822872
8.0200000000 0.0011426237
8.0300000000 0.0011017885
8.0400000000 0.0010596259
8.0500000000 0.0010159800
8.0600000000 0.0009708435
8.0700000000 0.0009248015
8.0800000000 0.0008785877
8.0900000000 0.0008329354
8.1000000000 0.0007885781
8.1100000000 0.0007462494
8.1200000000 0.0007066826
8.1300000000 0.0006706113
8.1400000000 0.0006387689
8.1500000000 0.0006118890
8.1600000000 0.0005904209
8.1700000000 0.0005736775
8.1800000000 0.0005606878
8.1900000000 0.0005504807
8.2000000000 0.0005420850
8.2100000000 0.0005345296
8.2200000000 0.0005268435
8.2300000000 0.0005180554
8.2400000000 0.0005071943
8.2500000000 0.0004932890
8.2600000000 0.0004756673
8.2700000000 0.0004548522
8.2800000000 0.0004316657
8.2900000000 0.0004069295
8.3000000000 0.0003814656
8.3100000000 0.0003560958
8.3200000000 0.0003316421
8.3300000000 0.0003089263
8.3400000000 0.0002887703
8.3500000000 0.0002719960
8.3600000000 0.0002591862
8.3700000000 0.0002499673
8.3800000000 0.0002437269
8.3900000000 0.0002398522
8.4000000000 0.0002377307
8.4100000000 0.0002367499
8.4200000000 0.0002362971
8.4300000000 0.0002357597
8.4400000000 0.0002345252
8.4500000000 0.0002319810
8.4600000000 0.0002276719
8.4700000000 0.0002217730
8.4800000000 0.0002146167
8.4900000000 0.0002065355
8.5000000000 0.0001978618
8.5100000000 0.0001889282
8.5200000000 0.0001800670
8.5300000000 0.0001716107
8.5400000000 0.0001638919
8.5500000000 0.0001572430
8.5600000000 0.0001519115
8.5700000000 0.0001478052
8.5800000000 0.0001447470
8.5900000000 0.0001425598
8.6000000000 0.0001410665
8.6100000000 0.0001400898
8.6200000000 0.0001394528
8.6300000000 0.0001389782
8.6400000000 0.0001384890
8.6500000000 0.0001378080
8.6600000000 0.0001367969
8.6700000000 0.0001354727
8.6800000000 0.0001338912
8.6900000000 0.0001321083
8.7000000000 0.0001301797
8.7100000000 0.0001281612
8.7200000000 0.0001261087
8.7300000000 0.0001240779
8.7400000000 0.0001221248
8.7500000000 0.0001203050
8.7600000000 0.0001186582
8.7700000000 0.0001171591
8.7800000000 0.0001157662
8.7900000000 0.0001144380
8.8000000000 0.0001131330
8.8100000000 0.0001118097
8.8200000000 0.0001104265
8.8300000000 0.0001089420
8.8400000000 0.0001073147
8.8500000000 0.0001055030
8.8600000000 0.0001034801
8.8700000000 0.0001012778
8.8800000000 0.0000989426
8.8900000000 0.0000965208
8.9000000000 0.0000940589
8.9100000000 0.0000916034
8.9200000000 0.0000892006
8.9300000000 0.0000868971
8.9400000000 0.0000847393
8.9500000000 0.0000827735
8.9600000000 0.0000810340
8.9700000000 0.0000795058
8.9800000000 0.0000781616
8.9900000000 0.0000769741
9.0000000000 0.0000759162
9.0100000000 0.0000749605
9.0200000000 0.0000740797
9.0300000000 0.0000732466
9.0400000000 0.0000724340
9.0500000000 0.0000716145
9.0600000000 0.0000707664
9.0700000000 0.0000698894
9.0800000000 0.0000689888
9.0900000000 0.0000680699
9.1000000000 0.0000671379
9.1100000000 0.0000661980
9.1200000000 0.0000652556
9.1300000000 0.0000643158
9.1400000000 0.0000633840
9.1500000000 0.0000624653
9.1600000000 0.0000615641
9.1700000000 0.0000606806
9.1800000000 0.0000598143
9.1900000000 0.0000589646
9.2000000000 0.0000581307
9.2100000000 0.0000573121
9.2200000000 0.0000565082
9.2300000000 0.0000557183
9.2400000000 0.0000549418
9.2500000000 0.0000541781
9.2600000000 0.0000534267
9.2700000000 0.0000526877
9.2800000000 0.0000519614
9.2900000000 0.0000512482
9.3000000000 0.0000505482
9.3100000000 0.0000498619
9.3200000000 0.0000491894
9.3300000000 0.0000485312
9.3400000000 0.0000478874
9.3500000000 0.0000472584
9.3600000000 0.0000466433
9.3700000000 0.0000460364
9.3800000000 0.0000454311
9.3900000000 0.0000448205
9.4000000000 0.0000441978
9.4100000000 0.0000435563
9.4200000000 0.0000428891
9.4300000000 0.0000421895
9.4400000000 0.0000414508
9.4500000000 0.0000406660
9.4600000000 0.0000398318
9.4700000000 0.0000389578
9.4800000000 0.0000380571
9.4900000000 0.0000371427
9.5000000000 0.0000362277
9.5100000000 0.0000353249
9.5200000000 0.0000344475
9.5300000000 0.0000336084
9.5400000000 0.0000328207
9.5500000000 0.0000320974
9.5600000000 0.0000314477
9.5700000000 0.0000308653
9.5800000000 0.0000303402
9.5900000000 0.0000298623
9.6000000000 0.0000294216
9.6100000000 0.0000290081
9.6200000000 0.0000286116
9.6300000000 0.0000282221
9.6400000000 0.0000278296
9.6500000000 0.0000274240
9.6600000000 0.0000269974
9.6700000000 0.0000265507
9.6800000000 0.0000260869
9.6900000000 0.0000256092
9.7000000000 0.0000251204
9.7100000000 0.0000246238
9.7200000000 0.0000241222
9.7300000000 0.0000236189
9.7400000000 0.0000231168
9.7500000000 0.0000226189
9.7600000000 0.0000221273
9.7700000000 0.0000216400
9.7800000000 0.0000211537
9.7900000000 0.0000206654
9.8000000000 0.0000201719
9.8100000000 0.0000196702
9.8200000000 0.0000191570
9.8300000000 0.0000186294
9.8400000000 0.0000180841
9.8500000000 0.0000175181
9.8600000000 0.0000169304
9.8700000000 0.0000163285
9.8800000000 0.0000157222
9.8900000000 0.0000151212
9.9000000000 0.0000145352
9.9100000000 0.0000139740
9.9200000000 0.0000134473
9.9300000000 0.0000129648
9.9400000000 0.0000125363
9.9500000000 0.0000121714
9.9600000000 0.0000118767
9.9700000000 0.0000116459
9.9800000000 0.0000114695
9.9900000000 0.0000113379
10.0000000000 0.0000112418
10.0100000000 0.0000111716
10.0200000000 0.0000111177
10.0300000000 0.0000110708
10.0400000000 0.0000110212
10.0500000000 0.0000109596
10.0600000000 0.0000108784
10.0700000000 0.0000107787
10.0800000000 0.0000106632
10.0900000000 0.0000105351
10.1000000000 0.0000103972
10.1100000000 0.0000102526
10.1200000000 0.0000101042
10.1300000000 0.0000099549
10.1400000000 0.0000098078
10.1500000000 0.0000096658
10.1600000000 0.0000095313
10.1700000000 0.0000094044
10.1800000000 0.0000092847
10.1900000000 0.0000091717
10.2000000000 0.0000090650
10.2100000000 0.0000089641
10.2200000000 0.0000088686
10.2300000000 0.0000087780
10.2400000000 0.0000086918
10.2500000000 0.0000086097
10.2600000000 0.0000085312
10.2700000000 0.0000084558
10.2800000000 0.0000083831
10.2900000000 0.0000083126
10.3000000000 0.0000082441
10.3100000000 0.0000081769
10.3200000000 0.0000081107
10.3300000000 0.0000080450
10.3400000000 0.0000079795
10.3500000000 0.0000079136
10.3600000000 0.0000078471
10.3700000000 0.0000077800
10.3800000000 0.0000077124
10.3900000000 0.0000076444
10.4000000000 0.0000075762
10.4100000000 0.0000075079
10.4200000000 0.0000074397
10.4300000000 0.0000073716
10.4400000000 0.0000073038
10.4500000000 0.0000072365
10.4600000000 0.0000071696
10.4700000000 0.0000071033
10.4800000000 0.0000070375
10.4900000000 0.0000069722
10.5000000000 0.0000069072
10.5100000000 0.0000068427
10.5200000000 0.0000067785
10.5300000000 0.0000067146
10.5400000000 0.0000066510
10.5500000000 0.0000065877
10.5600000000 0.0000065246
10.5700000000 0.0000064617
10.5800000000 0.0000063989
10.5900000000 0.0000063364
10.6000000000 0.0000062739
10.6100000000 0.0000062117
10.6200000000 0.0000061495
10.6300000000 0.0000060874
10.6400000000 0.0000060254
10.6500000000 0.0000059635
10.6600000000 0.0000059017
10.6700000000 0.0000058399
10.6800000000 0.0000057783
10.6900000000 0.0000057168
10.7000000000 0.0000056554
10.7100000000 0.0000055943
10.7200000000 0.0000055335
10.7300000000 0.0000054729
10.7400000000 0.0000054126
10.7500000000 0.0000053526
10.7600000000 0.0000052931
10.7700000000 0.0000052338
10.7800000000 0.0000051749
10.7900000000 0.0000051164
10.8000000000 0.0000050581
10.8100000000 0.0000050000
10.8200000000 0.0000049423
10.8300000000 0.0000048847
10.8400000000 0.0000048274
10.8500000000 0.0000047702
10.8600000000 0.0000047132
10.8700000000 0.0000046564
10.8800000000 0.0000045999
10.8900000000 0.0000045436
10.9000000000 0.0000044876
10.9100000000 0.0000044319
10.9200000000 0.0000043766
10.9300000000 0.0000043217
10.9400000000 0.0000042672
10.9500000000 0.0000042132
10.9600000000 0.0000041597
10.9700000000 0.0000041066
10.9800000000 0.0000040539
10.9900000000 0.0000040016
11.0000000000 0.0000039495
11.0100000000 0.0000038977
11.0200000000 0.0000038460
11.0300000000 0.0000037945
11.0400000000 0.0000037431
11.0500000000 0.0000036917
11.0600000000 0.0000036403
11.0700000000 0.0000035889
11.0800000000 0.0000035377
11.0900000000 0.0000034866
11.1000000000 0.0000034357
11.1100000000 0.0000033851
11.1200000000 0.0000033349
11.1300000000 0.0000032850
11.1400000000 0.0000032357
11.1500000000 0.0000031868
11.1600000000 0.0000031386
11.1700000000 0.0000030909
11.1800000000 0.0000030438
11.1900000000 0.0000029973
11.2000000000 0.0000029514
11.2100000000 0.0000029060
11.2200000000 0.0000028611
11.2300000000 0.0000028168
11.2400000000 0.0000027731
11.2500000000 0.0000027298
11.2600000000 0.0000026871
11.2700000000 0.0000026447
11.2800000000 0.0000026024
11.2900000000 0.0000025602
11.3000000000 0.0000025178
11.3100000000 0.0000024751
11.3200000000 0.0000024318
11.3300000000 0.0000023879
11.3400000000 0.0000023432
11.3500000000 0.0000022975
11.3600000000 0.0000022506
11.3700000000 0.0000022028
11.3800000000 0.0000021544
11.3900000000 0.0000021056
11.4000000000 0.0000020567
11.4100000000 0.0000020080
11.4200000000 0.0000019596
11.4300000000 0.0000019120
11.4400000000 0.0000018653
11.4500000000 0.0000018199
11.4600000000 0.0000017759
11.4700000000 0.0000017335
11.4800000000 0.0000016927
11.4900000000 0.0000016536
11.5000000000 0.0000016162
11.5100000000 0.0000015805
11.5200000000 0.0000015468
11.5300000000 0.0000015149
11.5400000000 0.0000014850
11.5500000000 0.0000014571
11.5600000000 0.0000014311
11.5700000000 0.0000014063
11.5800000000 0.0000013817
11.5900000000 0.0000013565
11.6000000000 0.0000013297
11.6100000000 0.0000013004
11.6200000000 0.0000012677
11.6300000000 0.0000012307
11.6400000000 0.0000011885
11.6500000000 0.0000011401
11.6600000000 0.0000010852
11.6700000000 0.0000010248
11.6800000000 0.0000009608
11.6900000000 0.0000008946
11.7000000000 0.0000008281
11.7100000000 0.0000007629
11.7200000000 0.0000007007
11.7300000000 0.0000006430
11.7400000000 0.0000005917
11.7500000000 0.0000005483
11.7600000000 0.0000005140
11.7700000000 0.0000004882
11.7800000000 0.0000004696
11.7900000000 0.0000004570
11.8000000000 0.0000004493
11.8100000000 0.0000004453
11.8200000000 0.0000004438
11.8300000000 0.0000004435
11.8400000000 0.0000004434
11.8500000000 0.0000004421
11.8600000000 0.0000004388
11.8700000000 0.0000004335
11.8800000000 0.0000004266
11.8900000000 0.0000004183
11.9000000000 0.0000004089
11.9100000000 0.0000003987
11.9200000000 0.0000003881
11.9300000000 0.0000003773
11.9400000000 0.0000003666
11.9500000000 0.0000003564
11.9600000000 0.0000003469
11.9700000000 0.0000003380
11.9800000000 0.0000003297
11.9900000000 0.0000003217
12.0000000000 0.0000003140
12.0100000000 0.0000003065
12.0200000000 0.0000002991
12.0300000000 0.0000002916
12.0400000000 0.0000002839
12.0500000000 0.0000002760
12.0600000000 0.0000002677
12.0700000000 0.0000002589
12.0800000000 0.0000002496
12.0900000000 0.0000002399
12.1000000000 0.0000002296
12.1100000000 0.0000002188
12.1200000000 0.0000002074
12.1300000000 0.0000001953
12.1400000000 0.0000001826
12.1500000000 0.0000001692
12.1600000000 0.0000001551
12.1700000000 0.0000001405
12.1800000000 0.0000001258
12.1900000000 0.0000001111
12.2000000000 0.0000000968
12.2100000000 0.0000000831
12.2200000000 0.0000000702
12.2300000000 0.0000000585
12.2400000000 0.0000000482
12.2500000000 0.0000000396
12.2600000000 0.0000000328
12.2700000000 0.0000000277
12.2800000000 0.0000000241
12.2900000000 0.0000000217
12.3000000000 0.0000000203
12.3100000000 0.0000000197
12.3200000000 0.0000000196
12.3300000000 0.0000000198
12.3400000000 0.0000000200
12.3500000000 0.0000000201
12.3600000000 0.0000000198
12.3700000000 0.0000000192
12.3800000000 0.0000000183
12.3900000000 0.0000000172
12.4000000000 0.0000000159
12.4100000000 0.0000000146
12.4200000000 0.0000000133
12.4300000000 0.0000000120
12.4400000000 0.0000000108
12.4500000000 0.0000000099
12.4600000000 0.0000000092
12.4700000000 0.0000000088
12.4800000000 0.0000000085
12.4900000000 0.0000000084
12.5000000000 0.0000000084
12.5100000000 0.0000000086
12.5200000000 0.0000000088
12.5300000000 0.0000000090
12.5400000000 0.0000000092
12.5500000000 0.0000000094
12.5600000000 0.0000000096
12.5700000000 0.0000000096
12.5800000000 0.0000000096
12.5900000000 0.0000000096
12.6000000000 0.0000000095
12.6100000000 0.0000000094
12.6200000000 0.0000000093
12.6300000000 0.0000000092
12.6400000000 0.0000000091
12.6500000000 0.0000000090
12.6600000000 0.0000000089
12.6700000000 0.0000000088
12.6800000000 0.0000000087
12.6900000000 0.0000000087
12.7000000000 0.0000000086
12.7100000000 0.0000000086
12.7200000000 0.0000000086
12.7300000000 0.0000000086
12.7400000000 0.0000000085
12.7500000000 0.0000000085
12.7600000000 0.0000000085
12.7700000000 0.0000000084
12.7800000000 0.0000000084
12.7900000000 0.0000000083
12.8000000000 0.0000000083
12.8100000000 0.0000000082
12.8200000000 0.0000000082
12.8300000000 0.0000000081
12.8400000000 0.0000000081
12.8500000000 0.0000000080
12.8600000000 0.0000000080
12.8700000000 0.0000000079
12.8800000000 0.0000000079
12.8900000000 0.0000000078
12.9000000000 0.0000000078
12.9100000000 0.0000000078
12.9200000000 0.0000000077
12.9300000000 0.0000000077
12.9400000000 0.0000000076
12.9500000000 0.0000000076
12.9600000000 0.0000000075
12.9700000000 0.0000000075
12.9800000000 0.0000000074
12.9900000000 0.0000000074
13.0000000000 0.0000000073
13.0100000000 0.0000000073
13.0200000000 0.0000000073
13.0300000000 0.0000000072
13.0400000000 0.0000000072
13.0500000000 0.0000000071
13.0600000000 0.0000000071
13.0700000000 0.0000000070
13.0800000000 0.0000000070
13.0900000000 0.0000000069
13.1000000000 0.0000000069
13.1100000000 0.0000000069
13.1200000000 0.0000000068
13.1300000000 0.0000000068
13.1400000000 0.0000000067
13.1500000000 0.0000000067
13.1600000000 0.0000000066
13.1700000000 0.0000000066
13.1800000000 0.0000000065
13.1900000000 0.0000000065
13.2000000000 0.0000000065
13.2100000000 0.0000000064
13.2200000000 0.0000000064
13.2300000000 0.0000000063
13.2400000000 0.0000000063
13.2500000000 0.0000000062
13.2600000000 0.0000000062
13.2700000000 0.0000000061
13.2800000000 0.0000000061
13.2900000000 0.0000000061
13.3000000000 0.0000000060
13.3100000000 0.0000000060
13.3200000000 0.0000000059
13.3300000000 0.0000000059
13.3400000000 0.0000000058
13.3500000000 0.0000000058
13.3600000000 0.0000000057
13.3700000000 0.0000000057
13.3800000000 0.0000000057
13.3900000000 0.0000000056
13.4000000000 0.0000000056
13.4100000000 0.0000000055
13.4200000000 0.0000000055
13.4300000000 0.0000000055
13.4400000000 0.0000000054
13.4500000000 0.0000000054
13.4600000000 0.0000000053
13.4700000000 0.0000000053
13.4800000000 0.0000000053
13.4900000000 0.0000000052
13.5000000000 0.0000000052
13.5100000000 0.0000000051
13.5200000000 0.0000000051
13.5300000000 0.0000000051
13.5400000000 0.0000000050
13.5500000000 0.0000000050
13.5600000000 0.0000000049
13.5700000000 0.0000000049
13.5800000000 0.0000000049
13.5900000000 0.0000000048
13.6000000000 0.0000000048
13.6100000000 0.0000000047
13.6200000000 0.0000000047
13.6300000000 0.0000000047
13.6400000000 0.0000000046
13.6500000000 0.0000000046
13.6600000000 0.0000000046
13.6700000000 0.0000000045
13.6800000000 0.0000000045
13.6900000000 0.0000000044
13.7000000000 0.0000000044
13.7100000000 0.0000000044
13.7200000000 0.0000000043
13.7300000000 0.0000000043
13.7400000000 0.0000000042
13.7500000000 0.0000000042
13.7600000000 0.0000000042
13.7700000000 0.0000000041
13.7800000000 0.0000000041
13.7900000000 0.0000000041
13.8000000000 0.0000000040
13.8100000000 0.0000000040
13.8200000000 0.0000000039
13.8300000000 0.0000000039
13.8400000000 0.0000000039
13.8500000000 0.0000000038
13.8600000000 0.0000000038
13.8700000000 0.0000000038
13.8800000000 0.0000000037
13.8900000000 0.0000000037
13.9000000000 0.0000000036
13.9100000000 0.0000000036
13.9200000000 0.0000000036
13.9300000000 0.0000000035
13.9400000000 0.0000000035
13.9500000000 0.0000000035
13.9600000000 0.0000000034
13.9700000000 0.0000000034
13.9800000000 0.0000000034
13.9900000000 0.0000000033
14.0000000000 0.0000000033
14.0100000000 0.0000000033
14.0200000000 0.0000000032
14.0300000000 0.0000000032
14.0400000000 0.0000000032
14.0500000000 0.0000000031
14.0600000000 0.0000000031
14.0700000000 0.0000000031
14.0800000000 0.0000000030
14.0900000000 0.0000000030
14.1000000000 0.0000000030
14.1100000000 0.0000000029
14.1200000000 0.0000000029
14.1300000000 0.0000000029
14.1400000000 0.0000000028
14.1500000000 0.0000000028
14.1600000000 0.0000000028
14.1700000000 0.0000000027
14.1800000000 0.0000000027
14.1900000000 0.0000000027
14.2000000000 0.0000000026
14.2100000000 0.0000000026
14.2200000000 0.0000000026
14.2300000000 0.0000000025
14.2400000000 0.0000000025
14.2500000000 0.0000000025
14.2600000000 0.0000000024
14.2700000000 0.0000000024
14.2800000000 0.0000000024
14.2900000000 0.0000000023
14.3000000000 0.0000000023
14.3100000000 0.0000000023
14.3200000000 0.0000000022
14.3300000000 0.0000000022
14.3400000000 0.0000000022
14.3500000000 0.0000000021
14.3600000000 0.0000000021
14.3700000000 0.0000000021
14.3800000000 0.0000000021
14.3900000000 0.0000000020
14.4000000000 0.0000000020
14.4100000000 0.0000000020
14.4200000000 0.0000000019
14.4300000000 0.0000000019
14.4400000000 0.0000000019
14.4500000000 0.0000000018
14.4600000000 0.0000000018
14.4700000000 0.0000000018
14.4800000000 0.0000000018
14.4900000000 0.0000000017
14.5000000000 0.0000000017
14.5100000000 0.0000000017
14.5200000000 0.0000000016
14.5300000000 0.0000000016
14.5400000000 0.0000000016
14.5500000000 0.0000000015
14.5600000000 0.0000000015
14.5700000000 0.0000000015
14.5800000000 0.0000000015
14.5900000000 0.0000000014
14.6000000000 0.0000000014
14.6100000000 0.0000000014
14.6200000000 0.0000000014
14.6300000000 0.0000000013
14.6400000000 0.0000000013
14.6500000000 0.0000000013
14.6600000000 0.0000000013
14.6700000000 0.0000000013
14.6800000000 0.0000000012
14.6900000000 0.0000000012
14.7000000000 0.0000000012
14.7100000000 0.0000000012
14.7200000000 0.0000000011
14.7300000000 0.0000000011
14.7400000000 0.0000000011
14.7500000000 0.0000000011
14.7600000000 0.0000000010
14.7700000000 0.0000000010
14.7800000000 0.0000000010
14.7900000000 0.0000000010
14.8000000000 0.0000000010
14.8100000000 0.0000000009
14.8200000000 0.0000000009
14.8300000000 0.0000000009
14.8400000000 0.0000000009
14.8500000000 0.0000000008
14.8600000000 0.0000000008
14.8700000000 0.0000000008
14.8800000000 0.0000000008
14.8900000000 0.0000000008
14.9000000000 0.0000000007
14.9100000000 0.0000000007
14.9200000000 0.0000000007
14.9300000000 0.0000000007
14.9400000000 0.0000000007
14.9500000000 0.0000000006
14.9600000000 0.0000000006
14.9700000000 0.0000000006
14.9800000000 0.0000000006
14.9900000000 0.0000000005
15.0000000000 0.0000000005
15.0100000000 0.0000000005
15.0200000000 0.0000000005
15.0300000000 0.0000000004
15.0400000000 0.0000000004
15.0500000000 0.0000000004
15.0600000000 0.0000000003
15.0700000000 0.0000000003
15.0800000000 0.0000000002
15.0900000000 0.0000000002
15.1000000000 0.0000000002
15.1100000000 0.0000000001
15.1200000000 0.0000000001
15.1300000000 0.0000000001
15.1400000000 0.0000000000
15.1500000000 0.0000000000
15.1600000000 -0.0000000000
15.1700000000 -0.0000000000
15.1800000000 -0.0000000000
15.1900000000 -0.0000000000
15.2000000000 -0.0000000000
15.2100000000 -0.0000000000
15.2200000000 -0.0000000000
15.2300000000 -0.0000000000
15.2400000000 -0.0000000000
15.2500000000 0.0000000000
15.2600000000 0.0000000000
15.2700000000 0.0000000000
15.2800000000 0.0000000000
15.2900000000 0.0000000000
15.3000000000 0.0000000000
15.3100000000 0.0000000000
15.3200000000 0.0000000000
15.3300000000 0.0000000000
15.3400000000 0.0000000000
15.3500000000 0.0000000000
15.3600000000 0.0000000000
15.3700000000 0.0000000000
15.3800000000 0.0000000000
15.3900000000 0.0000000000
15.4000000000 0.0000000000
15.4100000000 0.0000000000
15.4200000000 0.0000000000
15.4300000000 0.0000000000
15.4400000000 0.0000000000
15.4500000000 0.0000000000
15.4600000000 0.0000000000
15.4700000000 0.0000000000
15.4800000000 0.0000000000
15.4900000000 0.0000000000
15.5000000000 0.0000000000
15.5100000000 0.0000000000
15.5200000000 0.0000000000
15.5300000000 0.0000000000
15.5400000000 0.0000000000
15.5500000000 0.0000000000
15.5600000000 0.0000000000
15.5700000000 0.0000000000
15.5800000000 0.0000000000
15.5900000000 0.0000000000
15.6000000000 0.0000000000
15.6100000000 0.0000000000
15.6200000000 0.0000000000
15.6300000000 0.0000000000
15.6400000000 0.0000000000
15.6500000000 0.0000000000
15.6600000000 0.0000000000
15.6700000000 0.0000000000
15.6800000000 0.0000000000
15.6900000000 0.0000000000
15.7000000000 0.0000000000
15.7100000000 0.0000000000
15.7200000000 0.0000000000
15.7300000000 0.0000000000
15.7400000000 0.0000000000
15.7500000000 0.0000000000
15.7600000000 0.0000000000
15.7700000000 0.0000000000
15.7800000000 0.0000000000
15.7900000000 0.0000000000
15.8000000000 0.0000000000
15.8100000000 0.0000000000
15.8200000000 0.0000000000
15.8300000000 0.0000000000
15.8400000000 0.0000000000
15.8500000000 0.0000000000
15.8600000000 0.0000000000
15.8700000000 0.0000000000
15.8800000000 0.0000000000
15.8900000000 0.0000000000
15.9000000000 0.0000000000
15.9100000000 0.0000000000
15.9200000000 0.0000000000
15.9300000000 0.0000000000
15.9400000000 0.0000000000
15.9500000000 0.0000000000
15.9600000000 0.0000000000
15.9700000000 0.0000000000
15.9800000000 0.0000000000
15.9900000000 0.0000000000
16.0000000000 0.0000000000
16.0100000000 0.0000000000
16.0200000000 0.0000000000
16.0300000000 0.0000000000
16.0400000000 0.0000000000
16.0500000000 0.0000000000
16.0600000000 0.0000000000
16.0700000000 0.0000000000
16.0800000000 0.0000000000
16.0900000000 0.0000000000
16.1000000000 0.0000000000
16.1100000000 0.0000000000
16.1200000000 0.0000000000
16.1300000000 0.0000000000
16.1400000000 0.0000000000
16.1500000000 0.0000000000
16.1600000000 0.0000000000
16.1700000000 0.0000000000
16.1800000000 0.0000000000
16.1900000000 0.0000000000
16.2000000000 0.0000000000
16.2100000000 0.0000000000
16.2200000000 0.0000000000
16.2300000000 0.0000000000
16.2400000000 0.0000000000
16.2500000000 0.0000000000
16.2600000000 0.0000000000
16.2700000000 0.0000000000
16.2800000000 0.0000000000
16.2900000000 0.0000000000
16.3000000000 0.0000000000
16.3100000000 0.0000000000
16.3200000000 0.0000000000
16.3300000000 0.0000000000
16.3400000000 0.0000000000
16.3500000000 -0.0000000000
16.3600000000 -0.0000000000
16.3700000000 -0.0000000000
16.3800000000 -0.0000000000
16.3900000000 -0.0000000000
16.4000000000 -0.0000000000
16.4100000000 -0.0000000000
16.4200000000 -0.0000000000
16.4300000000 -0.0000000000
16.4400000000 -0.0000000000
16.4500000000 -0.0000000000
16.4600000000 0.0000000000
16.4700000000 0.0000000000
16.4800000000 0.0000000000
16.4900000000 0.0000000000
16.5000000000 0.0000000000
16.5100000000 0.0000000000
16.5200000000 0.0000000000
16.5300000000 0.0000000000
16.5400000000 0.0000000000
16.5500000000 -0.0000000000
16.5600000000 -0.0000000000
16.5700000000 -0.0000000000
16.5800000000 -0.0000000000
16.5900000000 -0.0000000000
16.6000000000 -0.0000000000
16.6100000000 -0.0000000000
16.6200000000 -0.0000000000
16.6300000000 -0.0000000000
16.6400000000 -0.0000000000
16.6500000000 -0.0000000000
16.6600000000 -0.0000000000
16.6700000000 0.0000000000
16.6800000000 0.0000000000
16.6900000000 0.0000000000
16.7000000000 0.0000000000
16.7100000000 0.0000000000
16.7200000000 0.0000000000
16.7300000000 0.0000000000
16.7400000000 0.0000000000
16.7500000000 0.0000000000
16.7600000000 0.0000000000
16.7700000000 0.0000000000
16.7800000000 0.0000000000
16.7900000000 0.0000000000
16.8000000000 0.0000000000
16.8100000000 0.0000000000
16.8200000000 0.0000000000
16.8300000000 0.0000000000
16.8400000000 0.0000000000
16.8500000000 0.0000000000
16.8600000000 0.0000000000
16.8700000000 0.0000000000
16.8800000000 0.0000000000
16.8900000000 0.0000000000
16.9000000000 0.0000000000
16.9100000000 0.0000000000
16.9200000000 0.0000000000
16.9300000000 0.0000000000
16.9400000000 0.0000000000
16.9500000000 -0.0000000000
16.9600000000 -0.0000000000
16.9700000000 -0.0000000000
16.9800000000 -0.0000000000
16.9900000000 -0.0000000000
17.0000000000 -0.0000000000
17.0100000000 -0.0000000000
17.0200000000 -0.0000000000
17.0300000000 -0.0000000000
17.0400000000 -0.0000000000
17.0500000000 -0.0000000000
17.0600000000 -0.0000000000
17.0700000000 -0.0000000000
17.0800000000 -0.0000000000
17.0900000000 -0.0000000000
17.1000000000 -0.0000000000
17.1100000000 -0.0000000000
17.1200000000 -0.0000000000
17.1300000000 -0.0000000000
17.1400000000 -0.0000000000
17.1500000000 -0.0000000000
17.1600000000 -0.0000000000
17.1700000000 -0.0000000000
17.1800000000 -0.0000000000
17.1900000000 -0.0000000000
17.2000000000 -0.0000000000
17.2100000000 -0.0000000000
17.2200000000 -0.0000000000
17.2300000000 -0.0000000000
17.2400000000 -0.0000000000
17.2500000000 -0.0000000000
17.2600000000 -0.0000000000
17.2700000000 -0.0000000000
17.2800000000 -0.0000000000
17.2900000000 -0.0000000000
17.3000000000 -0.0000000000
17.3100000000 -0.0000000000
17.3200000000 -0.0000000000
17.3300000000 0.0000000000
17.3400000000 0.0000000000
17.3500000000 0.0000000000
17.3600000000 0.0000000000
17.3700000000 0.0000000000
17.3800000000 0.0000000000
17.3900000000 -0.0000000000
17.4000000000 -0.0000000000
17.4100000000 -0.0000000000
17.4200000000 -0.0000000000
17.4300000000 -0.0000000000
17.4400000000 -0.0000000000
17.4500000000 -0.0000000000
17.4600000000 -0.0000000000
17.4700000000 -0.0000000000
17.4800000000 -0.0000000000
17.4900000000 -0.0000000000
17.5000000000 0.0000000000
17.5100000000 0.0000000000
17.5200000000 0.0000000000
17.5300000000 0.0000000000
17.5400000000 0.0000000000
17.5500000000 0.0000000000
17.5600000000 0.0000000000
17.5700000000 0.0000000000
17.5800000000 0.0000000000
17.5900000000 0.0000000000
17.6000000000 0.0000000000
17.6100000000 0.0000000000
17.6200000000 0.0000000000
17.6300000000 0.0000000000
17.6400000000 0.0000000000
17.6500000000 -0.0000000000
17.6600000000 -0.0000000000
17.6700000000 -0.0000000000
17.6800000000 -0.0000000000
17.6900000000 -0.0000000000
17.7000000000 0.0000000000
17.7100000000 0.0000000000
17.7200000000 0.0000000000
17.7300000000 0.0000000000
17.7400000000 0.0000000000
17.7500000000 0.0000000000
17.7600000000 0.0000000000
17.7700000000 0.0000000000
17.7800000000 0.0000000000
17.7900000000 0.0000000000
17.8000000000 0.0000000000
17.8100000000 0.0000000000
17.8200000000 0.0000000000
17.8300000000 0.0000000000
17.8400000000 -0.0000000000
17.8500000000 -0.0000000000
17.8600000000 -0.0000000000
17.8700000000 -0.0000000000
17.8800000000 -0.0000000000
17.8900000000 -0.0000000000
17.9000000000 -0.0000000000
17.9100000000 0.0000000000
17.9200000000 0.0000000000
17.9300000000 0.0000000000
17.9400000000 0.0000000000
17.9500000000 0.0000000000
17.9600000000 0.0000000000
17.9700000000 -0.0000000000
17.9800000000 -0.0000000000
17.9900000000 -0.0000000000
18.0000000000 -0.0000000000
18.0100000000 -0.0000000000
18.0200000000 -0.0000000000
18.0300000000 -0.0000000000
18.0400000000 -0.0000000000
18.0500000000 -0.0000000000
18.0600000000 -0.0000000000
18.0700000000 -0.0000000000
18.0800000000 -0.0000000000
18.0900000000 -0.0000000000
18.1000000000 -0.0000000000
18.1100000000 -0.0000000000
18.1200000000 -0.0000000000
18.1300000000 -0.0000000000
18.1400000000 -0.0000000000
18.1500000000 -0.0000000000
18.1600000000 -0.0000000000
18.1700000000 -0.0000000000
18.1800000000 -0.0000000000
18.1900000000 -0.0000000000
18.2000000000 -0.0000000000
18.2100000000 -0.0000000000
18.2200000000 -0.0000000000
18.2300000000 -0.0000000000
18.2400000000 -0.0000000000
18.2500000000 -0.0000000000
18.2600000000 -0.0000000000
18.2700000000 -0.0000000000
18.2800000000 -0.0000000000
18.2900000000 -0.0000000000
18.3000000000 -0.0000000000
18.3100000000 -0.0000000000
18.3200000000 -0.0000000000
18.3300000000 -0.0000000000
18.3400000000 -0.0000000000
18.3500000000 -0.0000000000
18.3600000000 0.0000000000
18.3700000000 0.0000000000
18.3800000000 0.0000000000
18.3900000000 0.0000000000
18.4000000000 0.0000000000
18.4100000000 0.0000000000
18.4200000000 0.0000000000
18.4300000000 0.0000000000
18.4400000000 0.0000000000
18.4500000000 0.0000000000
18.4600000000 0.0000000000
18.4700000000 0.0000000000
18.4800000000 0.0000000000
18.4900000000 0.0000000000
18.5000000000 0.0000000000
18.5100000000 0.0000000000
18.5200000000 -0.0000000000
18.5300000000 -0.0000000000
18.5400000000 -0.0000000000
18.5500000000 -0.0000000000
18.5600000000 -0.0000000000
18.5700000000 -0.0000000000
18.5800000000 -0.0000000000
18.5900000000 -0.0000000000
18.6000000000 -0.0000000000
18.6100000000 -0.0000000000
18.6200000000 -0.0000000000
18.6300000000 -0.0000000000
18.6400000000 -0.0000000000
18.6500000000 -0.0000000000
18.6600000000 -0.0000000000
18.6700000000 -0.0000000000
18.6800000000 -0.0000000000
18.6900000000 -0.0000000000
18.7000000000 0.0000000000
18.7100000000 0.0000000000
18.7200000000 0.0000000000
18.7300000000 0.0000000000
18.7400000000 0.0000000000
18.7500000000 0.0000000000
18.7600000000 0.0000000000
18.7700000000 0.0000000000
18.7800000000 0.0000000000
18.7900000000 0.0000000000
18.8000000000 0.0000000000
18.8100000000 0.0000000000
18.8200000000 0.0000000000
18.8300000000 0.0000000000
18.8400000000 0.0000000000
18.8500000000 0.0000000000
18.8600000000 0.0000000000
18.8700000000 0.0000000000
18.8800000000 -0.0000000000
18.8900000000 -0.0000000000
18.9000000000 -0.0000000000
18.9100000000 -0.0000000000
18.9200000000 -0.0000000000
18.9300000000 -0.0000000000
18.9400000000 -0.0000000000
18.9500000000 -0.0000000000
18.9600000000 -0.0000000000
18.9700000000 -0.0000000000
18.9800000000 -0.0000000000
18.9900000000 -0.0000000000
19.0000000000 0.0000000000
19.0100000000 0.0000000000
19.0200000000 0.0000000000
19.0300000000 0.0000000000
19.0400000000 0.0000000000
19.0500000000 0.0000000000
19.0600000000 0.0000000000
19.0700000000 0.0000000000
19.0800000000 0.0000000000
19.0900000000 0.0000000000
19.1000000000 0.0000000000
19.1100000000 0.0000000000
19.1200000000 0.0000000000
19.1300000000 -0.0000000000
19.1400000000 -0.0000000000
19.1500000000 -0.0000000000
19.1600000000 -0.0000000000
19.1700000000 -0.0000000000
19.1800000000 -0.0000000000
19.1900000000 -0.0000000000
19.2000000000 -0.0000000000
19.2100000000 0.0000000000
19.2200000000 0.0000000000
19.2300000000 0.0000000000
19.2400000000 0.0000000000
19.2500000000 0.0000000000
19.2600000000 0.0000000000
19.2700000000 0.0000000000
19.2800000000 0.0000000000
19.2900000000 0.0000000000
19.3000000000 0.0000000000
19.3100000000 -0.0000000000
19.3200000000 -0.0000000000
19.3300000000 -0.0000000000
19.3400000000 -0.0000000000
19.3500000000 -0.0000000000
19.3600000000 -0.0000000000
19.3700000000 -0.0000000000
19.3800000000 -0.0000000000
19.3900000000 0.0000000000
19.4000000000 0.0000000000
19.4100000000 0.0000000000
19.4200000000 0.0000000000
19.4300000000 0.0000000000
19.4400000000 0.0000000000
19.4500000000 0.0000000000
19.4600000000 0.0000000000
19.4700000000 0.0000000000
19.4800000000 0.0000000000
19.4900000000 0.0000000000
19.5000000000 0.0000000000
19.5100000000 0.0000000000
19.5200000000 -0.0000000000
19.5300000000 -0.0000000000
19.5400000000 -0.0000000000
19.5500000000 -0.0000000000
19.5600000000 -0.0000000000
19.5700000000 -0.0000000000
19.5800000000 -0.0000000000
19.5900000000 -0.0000000000
19.6000000000 -0.0000000000
19.6100000000 -0.0000000000
19.6200000000 -0.0000000000
19.6300000000 0.0000000000
19.6400000000 0.0000000000
19.6500000000 0.0000000000
19.6600000000 0.0000000000
19.6700000000 0.0000000000
19.6800000000 0.0000000000
19.6900000000 0.0000000000
19.7000000000 0.0000000000
19.7100000000 0.0000000000
19.7200000000 0.0000000000
19.7300000000 0.0000000000
19.7400000000 0.0000000000
19.7500000000 0.0000000000
19.7600000000 0.0000000000
19.7700000000 0.0000000000
19.7800000000 0.0000000000
19.7900000000 -0.0000000000
19.8000000000 -0.0000000000
19.8100000000 -0.0000000000
19.8200000000 -0.0000000000
19.8300000000 -0.0000000000
19.8400000000 -0.0000000000
