# Converted from data/reactor/flux/Fallot_1208.3877/fallot_U235.dat with step of 0.010000
0.0500000000 0.1783290000
0.0600000000 0.2107014577
0.0700000000 0.2423693544
0.0800000000 0.2735420456
0.0900000000 0.3044288869
0.1000000000 0.3352392339
0.1100000000 0.3661824422
0.1200000000 0.3974678674
0.1300000000 0.4293048650
0.1400000000 0.4619027907
0.1500000000 0.4954710000
0.1600000000 0.5301947546
0.1700000000 0.5661629406
0.1800000000 0.6034403498
0.1900000000 0.6420917744
0.2000000000 0.6821820065
0.2100000000 0.7237758380
0.2200000000 0.7669380611
0.2300000000 0.8117334678
0.2400000000 0.8582268500
0.2500000000 0.9064830000
0.2600000000 0.9564851987
0.2700000000 1.0078906834
0.2800000000 1.0602751802
0.2900000000 1.1132144154
0.3000000000 1.1662841151
0.3100000000 1.2190600057
0.3200000000 1.2711178132
0.3300000000 1.3220332640
0.3400000000 1.3713820842
0.3500000000 1.4187400000
0.3600000000 1.4637364685
0.3700000000 1.5062158699
0.3800000000 1.5460763154
0.3900000000 1.5832159160
0.4000000000 1.6175327829
0.4100000000 1.6489250272
0.4200000000 1.6772907599
0.4300000000 1.7025280923
0.4400000000 1.7245351352
0.4500000000 1.7432100000
0.4600000000 1.7585189344
0.4700000000 1.7707007330
0.4800000000 1.7800623272
0.4900000000 1.7869106485
0.5000000000 1.7915526281
0.5100000000 1.7942951975
0.5200000000 1.7954452880
0.5300000000 1.7953098310
0.5400000000 1.7941957579
0.5500000000 1.7924100000
0.5600000000 1.7902103141
0.5700000000 1.7876577582
0.5800000000 1.7847642158
0.5900000000 1.7815415701
0.6000000000 1.7780017047
0.6100000000 1.7741565029
0.6200000000 1.7700178482
0.6300000000 1.7655976238
0.6400000000 1.7609077133
0.6500000000 1.7559600000
0.6600000000 1.7507852493
0.6700000000 1.7454897542
0.6800000000 1.7401986897
0.6900000000 1.7350372310
0.7000000000 1.7301305530
0.7100000000 1.7256038308
0.7200000000 1.7215822394
0.7300000000 1.7181909537
0.7400000000 1.7155551489
0.7500000000 1.7138000000
0.7600000000 1.7130098989
0.7700000000 1.7131061051
0.7800000000 1.7139690952
0.7900000000 1.7154793457
0.8000000000 1.7175173331
0.8100000000 1.7199635338
0.8200000000 1.7226984244
0.8300000000 1.7256024812
0.8400000000 1.7285561810
0.8500000000 1.7314400000
0.8600000000 1.7341393053
0.8700000000 1.7365590254
0.8800000000 1.7386089793
0.8900000000 1.7401989860
0.9000000000 1.7412388646
0.9100000000 1.7416384340
0.9200000000 1.7413075132
0.9300000000 1.7401559213
0.9400000000 1.7380934772
0.9500000000 1.7350300000
0.9600000000 1.7309176600
0.9700000000 1.7258780334
0.9800000000 1.7200750477
0.9900000000 1.7136726302
1.0000000000 1.7068347086
1.0100000000 1.6997252103
1.0200000000 1.6925080628
1.0300000000 1.6853471936
1.0400000000 1.6784065301
1.0500000000 1.6718500000
1.0600000000 1.6658046646
1.0700000000 1.6602501209
1.0800000000 1.6551291001
1.0900000000 1.6503843332
1.1000000000 1.6459585511
1.1100000000 1.6417944849
1.1200000000 1.6378348657
1.1300000000 1.6340224245
1.1400000000 1.6302998922
1.1500000000 1.6266100000
1.1600000000 1.6228982517
1.1700000000 1.6191212429
1.1800000000 1.6152383419
1.1900000000 1.6112089172
1.2000000000 1.6069923371
1.2100000000 1.6025479700
1.2200000000 1.5978351844
1.2300000000 1.5928133485
1.2400000000 1.5874418310
1.2500000000 1.5816800000
1.2600000000 1.5755142386
1.2700000000 1.5690389875
1.2800000000 1.5623757023
1.2900000000 1.5556458382
1.3000000000 1.5489708507
1.3100000000 1.5424721951
1.3200000000 1.5362713269
1.3300000000 1.5304897013
1.3400000000 1.5252487739
1.3500000000 1.5206700000
1.3600000000 1.5168385541
1.3700000000 1.5136944871
1.3800000000 1.5111415690
1.3900000000 1.5090835701
1.4000000000 1.5074242603
1.4100000000 1.5060674096
1.4200000000 1.5049167882
1.4300000000 1.5038761661
1.4400000000 1.5028493133
1.4500000000 1.5017400000
1.4600000000 1.5004630052
1.4700000000 1.4989771443
1.4800000000 1.4972522416
1.4900000000 1.4952581214
1.5000000000 1.4929646083
1.5100000000 1.4903415265
1.5200000000 1.4873587004
1.5300000000 1.4839859543
1.5400000000 1.4801931128
1.5500000000 1.4759500000
1.5600000000 1.4712420951
1.5700000000 1.4661174959
1.5800000000 1.4606399547
1.5900000000 1.4548732241
1.6000000000 1.4488810566
1.6100000000 1.4427272045
1.6200000000 1.4364754203
1.6300000000 1.4301894565
1.6400000000 1.4239330656
1.6500000000 1.4177700000
1.6600000000 1.4117461644
1.6700000000 1.4058360723
1.6800000000 1.3999963896
1.6900000000 1.3941837821
1.7000000000 1.3883549155
1.7100000000 1.3824664557
1.7200000000 1.3764750684
1.7300000000 1.3703374195
1.7400000000 1.3640101748
1.7500000000 1.3574500000
1.7600000000 1.3506256374
1.7700000000 1.3435541349
1.7800000000 1.3362646169
1.7900000000 1.3287862076
1.8000000000 1.3211480315
1.8100000000 1.3133792128
1.8200000000 1.3055088760
1.8300000000 1.2975661454
1.8400000000 1.2895801453
1.8500000000 1.2815800000
1.8600000000 1.2735944760
1.8700000000 1.2656509081
1.8800000000 1.2577762730
1.8900000000 1.2499975475
1.9000000000 1.2423417086
1.9100000000 1.2348357329
1.9200000000 1.2275065975
1.9300000000 1.2203812789
1.9400000000 1.2134867542
1.9500000000 1.2068500000
1.9600000000 1.2004810385
1.9700000000 1.1943220728
1.9800000000 1.1882983513
1.9900000000 1.1823351223
2.0000000000 1.1763576342
2.0100000000 1.1702911354
2.0200000000 1.1640608742
2.0300000000 1.1575920989
2.0400000000 1.1508100581
2.0500000000 1.1436400000
2.0600000000 1.1360316999
2.0700000000 1.1280330406
2.0800000000 1.1197164318
2.0900000000 1.1111542832
2.1000000000 1.1024190046
2.1100000000 1.0935830056
2.1200000000 1.0847186959
2.1300000000 1.0758984853
2.1400000000 1.0671947834
2.1500000000 1.0586800000
2.1600000000 1.0504113059
2.1700000000 1.0423849168
2.1800000000 1.0345818095
2.1900000000 1.0269829607
2.2000000000 1.0195693474
2.2100000000 1.0123219462
2.2200000000 1.0052217341
2.2300000000 0.9982496878
2.2400000000 0.9913867842
2.2500000000 0.9846140000
2.2600000000 0.9779139184
2.2700000000 0.9712755482
2.2800000000 0.9646895043
2.2900000000 0.9581464019
2.3000000000 0.9516368559
2.3100000000 0.9451514814
2.3200000000 0.9386808936
2.3300000000 0.9322157073
2.3400000000 0.9257465378
2.3500000000 0.9192640000
2.3600000000 0.9127651343
2.3700000000 0.9062726824
2.3800000000 0.8998158112
2.3900000000 0.8934236878
2.4000000000 0.8871254791
2.4100000000 0.8809503520
2.4200000000 0.8749274736
2.4300000000 0.8690860108
2.4400000000 0.8634551306
2.4500000000 0.8580640000
2.4600000000 0.8529252533
2.4700000000 0.8479853942
2.4800000000 0.8431743937
2.4900000000 0.8384222229
2.5000000000 0.8336588529
2.5100000000 0.8288142546
2.5200000000 0.8238183991
2.5300000000 0.8186012575
2.5400000000 0.8130928008
2.5500000000 0.8072230000
2.5600000000 0.8009500285
2.5700000000 0.7943448688
2.5800000000 0.7875067059
2.5900000000 0.7805347245
2.6000000000 0.7735281094
2.6100000000 0.7665860456
2.6200000000 0.7598077179
2.6300000000 0.7532923112
2.6400000000 0.7471390103
2.6500000000 0.7414470000
2.6600000000 0.7362861977
2.6700000000 0.7316094504
2.6800000000 0.7273403378
2.6900000000 0.7234024392
2.7000000000 0.7197193344
2.7100000000 0.7162146029
2.7200000000 0.7128118241
2.7300000000 0.7094345777
2.7400000000 0.7060064431
2.7500000000 0.7024510000
2.7600000000 0.6987081678
2.7700000000 0.6947832255
2.7800000000 0.6906977921
2.7900000000 0.6864734865
2.8000000000 0.6821319278
2.8100000000 0.6776947349
2.8200000000 0.6731835267
2.8300000000 0.6686199221
2.8400000000 0.6640255403
2.8500000000 0.6594220000
2.8600000000 0.6548300142
2.8700000000 0.6502666717
2.8800000000 0.6457481549
2.8900000000 0.6412906466
2.9000000000 0.6369103293
2.9100000000 0.6326233856
2.9200000000 0.6284459982
2.9300000000 0.6243943498
2.9400000000 0.6204846228
2.9500000000 0.6167330000
2.9600000000 0.6131491793
2.9700000000 0.6097169198
2.9800000000 0.6064134963
2.9900000000 0.6032161832
3.0000000000 0.6001022551
3.0100000000 0.5970489867
3.0200000000 0.5940336524
3.0300000000 0.5910335268
3.0400000000 0.5880258845
3.0500000000 0.5849880000
3.0600000000 0.5818998517
3.0700000000 0.5787522330
3.0800000000 0.5755386409
3.0900000000 0.5722525726
3.1000000000 0.5688875251
3.1100000000 0.5654369957
3.1200000000 0.5618944813
3.1300000000 0.5582534792
3.1400000000 0.5545074864
3.1500000000 0.5506500000
3.1600000000 0.5466794018
3.1700000000 0.5426136122
3.1800000000 0.5384754361
3.1900000000 0.5342876784
3.2000000000 0.5300731443
3.2100000000 0.5258546386
3.2200000000 0.5216549663
3.2300000000 0.5174969325
3.2400000000 0.5134033421
3.2500000000 0.5093970000
3.2600000000 0.5054940190
3.2700000000 0.5016837423
3.2800000000 0.4979488209
3.2900000000 0.4942719057
3.3000000000 0.4906356478
3.3100000000 0.4870226980
3.3200000000 0.4834157074
3.3300000000 0.4797973269
3.3400000000 0.4761502074
3.3500000000 0.4724570000
3.3600000000 0.4687056313
3.3700000000 0.4649051307
3.3800000000 0.4610698035
3.3900000000 0.4572139547
3.4000000000 0.4533518897
3.4100000000 0.4494979134
3.4200000000 0.4456663312
3.4300000000 0.4418714481
3.4400000000 0.4381275693
3.4500000000 0.4344490000
3.4600000000 0.4308456279
3.4700000000 0.4273096708
3.4800000000 0.4238289292
3.4900000000 0.4203912033
3.5000000000 0.4169842936
3.5100000000 0.4135960003
3.5200000000 0.4102141240
3.5300000000 0.4068264649
3.5400000000 0.4034208234
3.5500000000 0.3999850000
3.5600000000 0.3965118461
3.5700000000 0.3930144179
3.5800000000 0.3895108228
3.5900000000 0.3860191681
3.6000000000 0.3825575611
3.6100000000 0.3791441093
3.6200000000 0.3757969199
3.6300000000 0.3725341003
3.6400000000 0.3693737579
3.6500000000 0.3663340000
3.6600000000 0.3634274447
3.6700000000 0.3606447536
3.6800000000 0.3579710987
3.6900000000 0.3553916524
3.7000000000 0.3528915870
3.7100000000 0.3504560745
3.7200000000 0.3480702874
3.7300000000 0.3457193977
3.7400000000 0.3433885779
3.7500000000 0.3410630000
3.7600000000 0.3387302609
3.7700000000 0.3363876558
3.7800000000 0.3340349043
3.7900000000 0.3316717262
3.8000000000 0.3292978410
3.8100000000 0.3269129686
3.8200000000 0.3245168286
3.8300000000 0.3221091407
3.8400000000 0.3196896246
3.8500000000 0.3172580000
3.8600000000 0.3148131345
3.8700000000 0.3123504871
3.8800000000 0.3098646649
3.8900000000 0.3073502749
3.9000000000 0.3048019239
3.9100000000 0.3022142190
3.9200000000 0.2995817672
3.9300000000 0.2968991755
3.9400000000 0.2941610507
3.9500000000 0.2913620000
3.9600000000 0.2885007491
3.9700000000 0.2855924997
3.9800000000 0.2826565719
3.9900000000 0.2797122864
4.0000000000 0.2767789633
4.0100000000 0.2738759232
4.0200000000 0.2710224865
4.0300000000 0.2682379734
4.0400000000 0.2655417045
4.0500000000 0.2629530000
4.0600000000 0.2604846849
4.0700000000 0.2581236022
4.0800000000 0.2558500993
4.0900000000 0.2536445237
4.1000000000 0.2514872228
4.1100000000 0.2493585440
4.1200000000 0.2472388349
4.1300000000 0.2451084429
4.1400000000 0.2429477155
4.1500000000 0.2407370000
4.1600000000 0.2384628711
4.1700000000 0.2361368114
4.1800000000 0.2337765307
4.1900000000 0.2313997388
4.2000000000 0.2290241455
4.2100000000 0.2266674606
4.2200000000 0.2243473938
4.2300000000 0.2220816549
4.2400000000 0.2198879537
4.2500000000 0.2177840000
4.2600000000 0.2157817838
4.2700000000 0.2138704163
4.2800000000 0.2120332888
4.2900000000 0.2102537929
4.3000000000 0.2085153200
4.3100000000 0.2068012615
4.3200000000 0.2050950088
4.3300000000 0.2033799534
4.3400000000 0.2016394866
4.3500000000 0.1998570000
4.3600000000 0.1980202758
4.3700000000 0.1961346596
4.3800000000 0.1942098880
4.3900000000 0.1922556974
4.4000000000 0.1902818244
4.4100000000 0.1882980054
4.4200000000 0.1863139770
4.4300000000 0.1843394756
4.4400000000 0.1823842378
4.4500000000 0.1804580000
4.4600000000 0.1785681991
4.4700000000 0.1767130734
4.4800000000 0.1748885613
4.4900000000 0.1730906015
4.5000000000 0.1713151325
4.5100000000 0.1695580929
4.5200000000 0.1678154213
4.5300000000 0.1660830563
4.5400000000 0.1643569363
4.5500000000 0.1626330000
4.5600000000 0.1609086437
4.5700000000 0.1591870949
4.5800000000 0.1574730388
4.5900000000 0.1557711606
4.6000000000 0.1540861455
4.6100000000 0.1524226788
4.6200000000 0.1507854457
4.6300000000 0.1491791314
4.6400000000 0.1476084211
4.6500000000 0.1460780000
4.6600000000 0.1445915640
4.6700000000 0.1431488509
4.6800000000 0.1417486094
4.6900000000 0.1403895881
4.7000000000 0.1390705353
4.7100000000 0.1377901997
4.7200000000 0.1365473299
4.7300000000 0.1353406743
4.7400000000 0.1341689815
4.7500000000 0.1330310000
4.7600000000 0.1319245964
4.7700000000 0.1308441094
4.7800000000 0.1297829954
4.7900000000 0.1287347112
4.8000000000 0.1276927132
4.8100000000 0.1266504583
4.8200000000 0.1256014028
4.8300000000 0.1245390036
4.8400000000 0.1234567171
4.8500000000 0.1223480000
4.8600000000 0.1212086953
4.8700000000 0.1200441916
4.8800000000 0.1188622640
4.8900000000 0.1176706873
4.9000000000 0.1164772367
4.9100000000 0.1152896872
4.9200000000 0.1141158138
4.9300000000 0.1129633914
4.9400000000 0.1118401952
4.9500000000 0.1107540000
4.9600000000 0.1097103594
4.9700000000 0.1087059402
4.9800000000 0.1077351878
4.9900000000 0.1067925476
5.0000000000 0.1058724648
5.0100000000 0.1049693848
5.0200000000 0.1040777531
5.0300000000 0.1031920148
5.0400000000 0.1023066153
5.0500000000 0.1014160000
5.0600000000 0.1005158248
5.0700000000 0.0996065877
5.0800000000 0.0986899974
5.0900000000 0.0977677625
5.1000000000 0.0968415916
5.1100000000 0.0959131934
5.1200000000 0.0949842765
5.1300000000 0.0940565496
5.1400000000 0.0931317212
5.1500000000 0.0922115000
5.1600000000 0.0912967842
5.1700000000 0.0903852299
5.1800000000 0.0894736830
5.1900000000 0.0885589890
5.2000000000 0.0876379939
5.2100000000 0.0867075432
5.2200000000 0.0857644827
5.2300000000 0.0848056582
5.2400000000 0.0838279154
5.2500000000 0.0828281000
5.2600000000 0.0818047814
5.2700000000 0.0807634238
5.2800000000 0.0797112151
5.2900000000 0.0786553430
5.3000000000 0.0776029955
5.3100000000 0.0765613603
5.3200000000 0.0755376253
5.3300000000 0.0745389784
5.3400000000 0.0735726073
5.3500000000 0.0726457000
5.3600000000 0.0717633542
5.3700000000 0.0709223075
5.3800000000 0.0701172074
5.3900000000 0.0693427013
5.4000000000 0.0685934368
5.4100000000 0.0678640613
5.4200000000 0.0671492224
5.4300000000 0.0664435676
5.4400000000 0.0657417443
5.4500000000 0.0650384000
5.4600000000 0.0643295275
5.4700000000 0.0636165006
5.4800000000 0.0629020381
5.4900000000 0.0621888591
5.5000000000 0.0614796825
5.5100000000 0.0607772273
5.5200000000 0.0600842125
5.5300000000 0.0594033570
5.5400000000 0.0587373799
5.5500000000 0.0580890000
5.5600000000 0.0574600630
5.5700000000 0.0568489206
5.5800000000 0.0562530514
5.5900000000 0.0556699336
5.6000000000 0.0550970458
5.6100000000 0.0545318663
5.6200000000 0.0539718736
5.6300000000 0.0534145460
5.6400000000 0.0528573620
5.6500000000 0.0522978000
5.6600000000 0.0517340596
5.6700000000 0.0511672249
5.6800000000 0.0505991014
5.6900000000 0.0500314944
5.7000000000 0.0494662093
5.7100000000 0.0489050515
5.7200000000 0.0483498262
5.7300000000 0.0478023390
5.7400000000 0.0472643951
5.7500000000 0.0467378000
5.7600000000 0.0462236049
5.7700000000 0.0457198445
5.7800000000 0.0452237997
5.7900000000 0.0447327511
5.8000000000 0.0442439795
5.8100000000 0.0437547655
5.8200000000 0.0432623898
5.8300000000 0.0427641332
5.8400000000 0.0422572764
5.8500000000 0.0417391000
5.8600000000 0.0412078554
5.8700000000 0.0406656762
5.8800000000 0.0401156665
5.8900000000 0.0395609306
5.9000000000 0.0390045727
5.9100000000 0.0384496970
5.9200000000 0.0378994077
5.9300000000 0.0373568089
5.9400000000 0.0368250050
5.9500000000 0.0363071000
5.9600000000 0.0358056048
5.9700000000 0.0353206565
5.9800000000 0.0348517987
5.9900000000 0.0343985752
6.0000000000 0.0339605296
6.0100000000 0.0335372057
6.0200000000 0.0331281470
6.0300000000 0.0327328974
6.0400000000 0.0323510005
6.0500000000 0.0319820000
6.0600000000 0.0316251671
6.0700000000 0.0312786836
6.0800000000 0.0309404586
6.0900000000 0.0306084015
6.1000000000 0.0302804213
6.1100000000 0.0299544275
6.1200000000 0.0296283292
6.1300000000 0.0293000357
6.1400000000 0.0289674562
6.1500000000 0.0286285000
6.1600000000 0.0282818713
6.1700000000 0.0279294547
6.1800000000 0.0275739297
6.1900000000 0.0272179758
6.2000000000 0.0268642725
6.2100000000 0.0265154995
6.2200000000 0.0261743362
6.2300000000 0.0258434621
6.2400000000 0.0255255569
6.2500000000 0.0252233000
6.2600000000 0.0249385994
6.2700000000 0.0246702767
6.2800000000 0.0244163819
6.2900000000 0.0241749650
6.3000000000 0.0239440761
6.3100000000 0.0237217650
6.3200000000 0.0235060818
6.3300000000 0.0232950766
6.3400000000 0.0230867993
6.3500000000 0.0228793000
6.3600000000 0.0226709805
6.3700000000 0.0224616504
6.3800000000 0.0222514711
6.3900000000 0.0220406041
6.4000000000 0.0218292107
6.4100000000 0.0216174526
6.4200000000 0.0214054909
6.4300000000 0.0211934874
6.4400000000 0.0209816032
6.4500000000 0.0207700000
6.4600000000 0.0205587950
6.4700000000 0.0203479289
6.4800000000 0.0201372985
6.4900000000 0.0199268003
6.5000000000 0.0197163310
6.5100000000 0.0195057872
6.5200000000 0.0192950656
6.5300000000 0.0190840627
6.5400000000 0.0188726753
6.5500000000 0.0186608000
6.5600000000 0.0184483845
6.5700000000 0.0182355811
6.5800000000 0.0180225933
6.5900000000 0.0178096244
6.6000000000 0.0175968778
6.6100000000 0.0173845571
6.6200000000 0.0171728655
6.6300000000 0.0169620065
6.6400000000 0.0167521835
6.6500000000 0.0165436000
6.6600000000 0.0163365026
6.6700000000 0.0161313114
6.6800000000 0.0159284896
6.6900000000 0.0157285006
6.7000000000 0.0155318077
6.7100000000 0.0153388742
6.7200000000 0.0151501633
6.7300000000 0.0149661385
6.7400000000 0.0147872629
6.7500000000 0.0146140000
6.7600000000 0.0144465358
6.7700000000 0.0142839477
6.7800000000 0.0141250358
6.7900000000 0.0139686003
6.8000000000 0.0138134414
6.8100000000 0.0136583591
6.8200000000 0.0135021537
6.8300000000 0.0133436253
6.8400000000 0.0131815740
6.8500000000 0.0130148000
6.8600000000 0.0128425567
6.8700000000 0.0126659106
6.8800000000 0.0124863812
6.8900000000 0.0123054884
6.9000000000 0.0121247517
6.9100000000 0.0119456909
6.9200000000 0.0117698257
6.9300000000 0.0115986756
6.9400000000 0.0114337605
6.9500000000 0.0112766000
6.9600000000 0.0111280695
6.9700000000 0.0109864679
6.9800000000 0.0108494495
6.9900000000 0.0107146688
7.0000000000 0.0105797804
7.0100000000 0.0104424388
7.0200000000 0.0103002985
7.0300000000 0.0101510139
7.0400000000 0.0099922396
7.0500000000 0.0098216300
7.0600000000 0.0096377941
7.0700000000 0.0094431581
7.0800000000 0.0092411029
7.0900000000 0.0090350092
7.1000000000 0.0088282578
7.1100000000 0.0086242293
7.1200000000 0.0084263045
7.1300000000 0.0082378642
7.1400000000 0.0080622891
7.1500000000 0.0079029600
7.1600000000 0.0077622225
7.1700000000 0.0076382822
7.1800000000 0.0075283095
7.1900000000 0.0074294748
7.2000000000 0.0073389485
7.2100000000 0.0072539012
7.2200000000 0.0071715033
7.2300000000 0.0070889251
7.2400000000 0.0070033372
7.2500000000 0.0069119100
7.2600000000 0.0068125053
7.2700000000 0.0067057501
7.2800000000 0.0065929630
7.2900000000 0.0064754624
7.3000000000 0.0063545668
7.3100000000 0.0062315947
7.3200000000 0.0061078645
7.3300000000 0.0059846947
7.3400000000 0.0058634037
7.3500000000 0.0057453100
7.3600000000 0.0056314487
7.3700000000 0.0055217215
7.3800000000 0.0054157465
7.3900000000 0.0053131421
7.4000000000 0.0052135266
7.4100000000 0.0051165181
7.4200000000 0.0050217349
7.4300000000 0.0049287953
7.4400000000 0.0048373176
7.4500000000 0.0047469200
7.4600000000 0.0046573317
7.4700000000 0.0045687256
7.4800000000 0.0044813857
7.4900000000 0.0043955956
7.5000000000 0.0043116394
7.5100000000 0.0042298008
7.5200000000 0.0041503637
7.5300000000 0.0040736120
7.5400000000 0.0039998294
7.5500000000 0.0039293000
7.5600000000 0.0038621801
7.5700000000 0.0037981164
7.5800000000 0.0037366282
7.5900000000 0.0036772350
7.6000000000 0.0036194560
7.6100000000 0.0035628104
7.6200000000 0.0035068178
7.6300000000 0.0034509973
7.6400000000 0.0033948682
7.6500000000 0.0033379500
7.6600000000 0.0032798897
7.6700000000 0.0032208456
7.6800000000 0.0031611039
7.6900000000 0.0031009506
7.7000000000 0.0030406718
7.7100000000 0.0029805537
7.7200000000 0.0029208824
7.7300000000 0.0028619439
7.7400000000 0.0028040244
7.7500000000 0.0027474100
7.7600000000 0.0026923133
7.7700000000 0.0026386533
7.7800000000 0.0025862755
7.7900000000 0.0025350252
7.8000000000 0.0024847480
7.8100000000 0.0024352894
7.8200000000 0.0023864948
7.8300000000 0.0023382098
7.8400000000 0.0022902797
7.8500000000 0.0022425500
7.8600000000 0.0021948904
7.8700000000 0.0021472666
7.8800000000 0.0020996688
7.8900000000 0.0020520870
7.9000000000 0.0020045110
7.9100000000 0.0019569310
7.9200000000 0.0019093368
7.9300000000 0.0018617186
7.9400000000 0.0018140664
7.9500000000 0.0017663700
7.9600000000 0.0017185480
7.9700000000 0.0016702325
7.9800000000 0.0016209840
7.9900000000 0.0015703631
8.0000000000 0.0015179305
8.0100000000 0.0014632466
8.0200000000 0.0014058720
8.0300000000 0.0013453673
8.0400000000 0.0012812932
8.0500000000 0.0012132100
8.0600000000 0.0011410079
8.0700000000 0.0010658950
8.0800000000 0.0009894087
8.0900000000 0.0009130865
8.1000000000 0.0008384659
8.1100000000 0.0007670844
8.1200000000 0.0007004796
8.1300000000 0.0006401889
8.1400000000 0.0005877499
8.1500000000 0.0005447000
8.1600000000 0.0005120771
8.1700000000 0.0004889202
8.1800000000 0.0004737689
8.1900000000 0.0004651625
8.2000000000 0.0004616404
8.2100000000 0.0004617421
8.2200000000 0.0004640069
8.2300000000 0.0004669744
8.2400000000 0.0004691840
8.2500000000 0.0004691750
8.2600000000 0.0004658269
8.2700000000 0.0004593788
8.2800000000 0.0004504099
8.2900000000 0.0004394993
8.3000000000 0.0004272263
8.3100000000 0.0004141699
8.3200000000 0.0004009093
8.3300000000 0.0003880237
8.3400000000 0.0003760922
8.3500000000 0.0003656940
8.3600000000 0.0003572539
8.3700000000 0.0003505793
8.3800000000 0.0003453235
8.3900000000 0.0003411396
8.4000000000 0.0003376806
8.4100000000 0.0003345998
8.4200000000 0.0003315503
8.4300000000 0.0003281852
8.4400000000 0.0003241578
8.4500000000 0.0003191210
8.4600000000 0.0003128291
8.4700000000 0.0003054398
8.4800000000 0.0002972121
8.4900000000 0.0002884047
8.5000000000 0.0002792764
8.5100000000 0.0002700861
8.5200000000 0.0002610926
8.5300000000 0.0002525547
8.5400000000 0.0002447312
8.5500000000 0.0002378810
8.5600000000 0.0002321937
8.5700000000 0.0002275828
8.5800000000 0.0002238926
8.5900000000 0.0002209675
8.6000000000 0.0002186516
8.6100000000 0.0002167893
8.6200000000 0.0002152250
8.6300000000 0.0002138030
8.6400000000 0.0002123676
8.6500000000 0.0002107630
8.6600000000 0.0002088677
8.6700000000 0.0002066963
8.6800000000 0.0002042973
8.6900000000 0.0002017195
8.7000000000 0.0001990114
8.7100000000 0.0001962217
8.7200000000 0.0001933991
8.7300000000 0.0001905922
8.7400000000 0.0001878496
8.7500000000 0.0001852200
8.7600000000 0.0001827385
8.7700000000 0.0001803865
8.7800000000 0.0001781319
8.7900000000 0.0001759425
8.8000000000 0.0001737861
8.8100000000 0.0001716307
8.8200000000 0.0001694441
8.8300000000 0.0001671943
8.8400000000 0.0001648489
8.8500000000 0.0001623760
8.8600000000 0.0001597539
8.8700000000 0.0001570033
8.8800000000 0.0001541551
8.8900000000 0.0001512407
8.9000000000 0.0001482910
8.9100000000 0.0001453373
8.9200000000 0.0001424106
8.9300000000 0.0001395420
8.9400000000 0.0001367628
8.9500000000 0.0001341040
8.9600000000 0.0001315896
8.9700000000 0.0001292147
8.9800000000 0.0001269674
8.9900000000 0.0001248357
9.0000000000 0.0001228076
9.0100000000 0.0001208711
9.0200000000 0.0001190143
9.0300000000 0.0001172252
9.0400000000 0.0001154917
9.0500000000 0.0001138020
9.0600000000 0.0001121459
9.0700000000 0.0001105212
9.0800000000 0.0001089276
9.0900000000 0.0001073647
9.1000000000 0.0001058322
9.1100000000 0.0001043298
9.1200000000 0.0001028571
9.1300000000 0.0001014139
9.1400000000 0.0000999997
9.1500000000 0.0000986143
9.1600000000 0.0000972570
9.1700000000 0.0000959260
9.1800000000 0.0000946190
9.1900000000 0.0000933338
9.2000000000 0.0000920682
9.2100000000 0.0000908200
9.2200000000 0.0000895870
9.2300000000 0.0000883671
9.2400000000 0.0000871579
9.2500000000 0.0000859574
9.2600000000 0.0000847640
9.2700000000 0.0000835789
9.2800000000 0.0000824044
9.2900000000 0.0000812423
9.3000000000 0.0000800948
9.3100000000 0.0000789638
9.3200000000 0.0000778514
9.3300000000 0.0000767596
9.3400000000 0.0000756904
9.3500000000 0.0000746460
9.3600000000 0.0000736262
9.3700000000 0.0000726229
9.3800000000 0.0000716258
9.3900000000 0.0000706245
9.4000000000 0.0000696090
9.4100000000 0.0000685689
9.4200000000 0.0000674939
9.4300000000 0.0000663738
9.4400000000 0.0000651982
9.4500000000 0.0000639571
9.4600000000 0.0000626449
9.4700000000 0.0000612754
9.4800000000 0.0000598673
9.4900000000 0.0000584393
9.5000000000 0.0000570100
9.5100000000 0.0000555982
9.5200000000 0.0000542223
9.5300000000 0.0000529012
9.5400000000 0.0000516535
9.5500000000 0.0000504978
9.5600000000 0.0000494474
9.5700000000 0.0000484937
9.5800000000 0.0000476229
9.5900000000 0.0000468209
9.6000000000 0.0000460739
9.6100000000 0.0000453679
9.6200000000 0.0000446890
9.6300000000 0.0000440232
9.6400000000 0.0000433566
9.6500000000 0.0000426753
9.6600000000 0.0000419681
9.6700000000 0.0000412352
9.6800000000 0.0000404793
9.6900000000 0.0000397033
9.7000000000 0.0000389102
9.7100000000 0.0000381029
9.7200000000 0.0000372841
9.7300000000 0.0000364568
9.7400000000 0.0000356238
9.7500000000 0.0000347880
9.7600000000 0.0000339512
9.7700000000 0.0000331106
9.7800000000 0.0000322624
9.7900000000 0.0000314026
9.8000000000 0.0000305274
9.8100000000 0.0000296329
9.8200000000 0.0000287153
9.8300000000 0.0000277706
9.8400000000 0.0000267949
9.8500000000 0.0000257845
9.8600000000 0.0000247389
9.8700000000 0.0000236721
9.8800000000 0.0000226015
9.8900000000 0.0000215444
9.9000000000 0.0000205183
9.9100000000 0.0000195407
9.9200000000 0.0000186289
9.9300000000 0.0000178004
9.9400000000 0.0000170726
9.9500000000 0.0000164629
9.9600000000 0.0000159829
9.9700000000 0.0000156210
9.9800000000 0.0000153596
9.9900000000 0.0000151813
10.0000000000 0.0000150686
10.0100000000 0.0000150039
10.0200000000 0.0000149699
10.0300000000 0.0000149489
10.0400000000 0.0000149236
10.0500000000 0.0000148764
10.0600000000 0.0000147937
10.0700000000 0.0000146770
10.0800000000 0.0000145321
10.0900000000 0.0000143642
10.1000000000 0.0000141788
10.1100000000 0.0000139816
10.1200000000 0.0000137780
10.1300000000 0.0000135734
10.1400000000 0.0000133733
10.1500000000 0.0000131833
10.1600000000 0.0000130077
10.1700000000 0.0000128461
10.1800000000 0.0000126973
10.1900000000 0.0000125598
10.2000000000 0.0000124322
10.2100000000 0.0000123130
10.2200000000 0.0000122010
10.2300000000 0.0000120946
10.2400000000 0.0000119924
10.2500000000 0.0000118931
10.2600000000 0.0000117954
10.2700000000 0.0000116991
10.2800000000 0.0000116038
10.2900000000 0.0000115096
10.3000000000 0.0000114161
10.3100000000 0.0000113233
10.3200000000 0.0000112311
10.3300000000 0.0000111392
10.3400000000 0.0000110475
10.3500000000 0.0000109559
10.3600000000 0.0000108642
10.3700000000 0.0000107725
10.3800000000 0.0000106809
10.3900000000 0.0000105893
10.4000000000 0.0000104980
10.4100000000 0.0000104069
10.4200000000 0.0000103162
10.4300000000 0.0000102258
10.4400000000 0.0000101360
10.4500000000 0.0000100467
10.4600000000 0.0000099580
10.4700000000 0.0000098699
10.4800000000 0.0000097824
10.4900000000 0.0000096955
10.5000000000 0.0000096090
10.5100000000 0.0000095231
10.5200000000 0.0000094376
10.5300000000 0.0000093526
10.5400000000 0.0000092680
10.5500000000 0.0000091837
10.5600000000 0.0000090998
10.5700000000 0.0000090163
10.5800000000 0.0000089330
10.5900000000 0.0000088499
10.6000000000 0.0000087670
10.6100000000 0.0000086843
10.6200000000 0.0000086016
10.6300000000 0.0000085189
10.6400000000 0.0000084363
10.6500000000 0.0000083536
10.6600000000 0.0000082708
10.6700000000 0.0000081879
10.6800000000 0.0000081051
10.6900000000 0.0000080223
10.7000000000 0.0000079397
10.7100000000 0.0000078573
10.7200000000 0.0000077752
10.7300000000 0.0000076934
10.7400000000 0.0000076120
10.7500000000 0.0000075311
10.7600000000 0.0000074507
10.7700000000 0.0000073708
10.7800000000 0.0000072914
10.7900000000 0.0000072126
10.8000000000 0.0000071344
10.8100000000 0.0000070567
10.8200000000 0.0000069796
10.8300000000 0.0000069030
10.8400000000 0.0000068271
10.8500000000 0.0000067518
10.8600000000 0.0000066770
10.8700000000 0.0000066029
10.8800000000 0.0000065292
10.8900000000 0.0000064561
10.9000000000 0.0000063834
10.9100000000 0.0000063111
10.9200000000 0.0000062393
10.9300000000 0.0000061677
10.9400000000 0.0000060965
10.9500000000 0.0000060256
10.9600000000 0.0000059549
10.9700000000 0.0000058844
10.9800000000 0.0000058142
10.9900000000 0.0000057442
11.0000000000 0.0000056745
11.0100000000 0.0000056051
11.0200000000 0.0000055360
11.0300000000 0.0000054672
11.0400000000 0.0000053987
11.0500000000 0.0000053305
11.0600000000 0.0000052627
11.0700000000 0.0000051951
11.0800000000 0.0000051278
11.0900000000 0.0000050608
11.1000000000 0.0000049940
11.1100000000 0.0000049274
11.1200000000 0.0000048610
11.1300000000 0.0000047947
11.1400000000 0.0000047286
11.1500000000 0.0000046625
11.1600000000 0.0000045966
11.1700000000 0.0000045309
11.1800000000 0.0000044654
11.1900000000 0.0000044004
11.2000000000 0.0000043358
11.2100000000 0.0000042719
11.2200000000 0.0000042087
11.2300000000 0.0000041464
11.2400000000 0.0000040849
11.2500000000 0.0000040245
11.2600000000 0.0000039652
11.2700000000 0.0000039066
11.2800000000 0.0000038484
11.2900000000 0.0000037902
11.3000000000 0.0000037315
11.3100000000 0.0000036720
11.3200000000 0.0000036112
11.3300000000 0.0000035488
11.3400000000 0.0000034844
11.3500000000 0.0000034176
11.3600000000 0.0000033482
11.3700000000 0.0000032766
11.3800000000 0.0000032035
11.3900000000 0.0000031296
11.4000000000 0.0000030555
11.4100000000 0.0000029819
11.4200000000 0.0000029096
11.4300000000 0.0000028390
11.4400000000 0.0000027710
11.4500000000 0.0000027061
11.4600000000 0.0000026449
11.4700000000 0.0000025874
11.4800000000 0.0000025332
11.4900000000 0.0000024822
11.5000000000 0.0000024341
11.5100000000 0.0000023887
11.5200000000 0.0000023458
11.5300000000 0.0000023052
11.5400000000 0.0000022666
11.5500000000 0.0000022298
11.5600000000 0.0000021946
11.5700000000 0.0000021599
11.5800000000 0.0000021249
11.5900000000 0.0000020885
11.6000000000 0.0000020499
11.6100000000 0.0000020081
11.6200000000 0.0000019620
11.6300000000 0.0000019107
11.6400000000 0.0000018533
11.6500000000 0.0000017887
11.6600000000 0.0000017165
11.6700000000 0.0000016382
11.6800000000 0.0000015557
11.6900000000 0.0000014710
11.7000000000 0.0000013860
11.7100000000 0.0000013028
11.7200000000 0.0000012232
11.7300000000 0.0000011493
11.7400000000 0.0000010829
11.7500000000 0.0000010262
11.7600000000 0.0000009804
11.7700000000 0.0000009446
11.7800000000 0.0000009175
11.7900000000 0.0000008976
11.8000000000 0.0000008834
11.8100000000 0.0000008734
11.8200000000 0.0000008663
11.8300000000 0.0000008606
11.8400000000 0.0000008548
11.8500000000 0.0000008475
11.8600000000 0.0000008375
11.8700000000 0.0000008249
11.8800000000 0.0000008102
11.8900000000 0.0000007937
11.9000000000 0.0000007758
11.9100000000 0.0000007570
11.9200000000 0.0000007376
11.9300000000 0.0000007181
11.9400000000 0.0000006989
11.9500000000 0.0000006804
11.9600000000 0.0000006628
11.9700000000 0.0000006461
11.9800000000 0.0000006301
11.9900000000 0.0000006147
12.0000000000 0.0000005996
12.0100000000 0.0000005847
12.0200000000 0.0000005698
12.0300000000 0.0000005547
12.0400000000 0.0000005392
12.0500000000 0.0000005232
12.0600000000 0.0000005065
12.0700000000 0.0000004889
12.0800000000 0.0000004705
12.0900000000 0.0000004510
12.1000000000 0.0000004305
12.1100000000 0.0000004088
12.1200000000 0.0000003858
12.1300000000 0.0000003615
12.1400000000 0.0000003357
12.1500000000 0.0000003084
12.1600000000 0.0000002796
12.1700000000 0.0000002497
12.1800000000 0.0000002195
12.1900000000 0.0000001894
12.2000000000 0.0000001600
12.2100000000 0.0000001320
12.2200000000 0.0000001059
12.2300000000 0.0000000823
12.2400000000 0.0000000619
12.2500000000 0.0000000452
12.2600000000 0.0000000327
12.2700000000 0.0000000239
12.2800000000 0.0000000183
12.2900000000 0.0000000155
12.3000000000 0.0000000148
12.3100000000 0.0000000158
12.3200000000 0.0000000179
12.3300000000 0.0000000206
12.3400000000 0.0000000233
12.3500000000 0.0000000255
12.3600000000 0.0000000268
12.3700000000 0.0000000272
12.3800000000 0.0000000269
12.3900000000 0.0000000260
12.4000000000 0.0000000246
12.4100000000 0.0000000229
12.4200000000 0.0000000210
12.4300000000 0.0000000191
12.4400000000 0.0000000173
12.4500000000 0.0000000158
12.4600000000 0.0000000147
12.4700000000 0.0000000139
12.4800000000 0.0000000134
12.4900000000 0.0000000132
12.5000000000 0.0000000132
12.5100000000 0.0000000133
12.5200000000 0.0000000136
12.5300000000 0.0000000138
12.5400000000 0.0000000141
12.5500000000 0.0000000143
12.5600000000 0.0000000144
12.5700000000 0.0000000145
12.5800000000 0.0000000144
12.5900000000 0.0000000143
12.6000000000 0.0000000141
12.6100000000 0.0000000139
12.6200000000 0.0000000136
12.6300000000 0.0000000134
12.6400000000 0.0000000131
12.6500000000 0.0000000129
12.6600000000 0.0000000127
12.6700000000 0.0000000125
12.6800000000 0.0000000123
12.6900000000 0.0000000122
12.7000000000 0.0000000120
12.7100000000 0.0000000119
12.7200000000 0.0000000118
12.7300000000 0.0000000117
12.7400000000 0.0000000116
12.7500000000 0.0000000115
12.7600000000 0.0000000114
12.7700000000 0.0000000112
12.7800000000 0.0000000111
12.7900000000 0.0000000110
12.8000000000 0.0000000109
12.8100000000 0.0000000107
12.8200000000 0.0000000106
12.8300000000 0.0000000104
12.8400000000 0.0000000103
12.8500000000 0.0000000102
12.8600000000 0.0000000100
12.8700000000 0.0000000099
12.8800000000 0.0000000098
12.8900000000 0.0000000096
12.9000000000 0.0000000095
12.9100000000 0.0000000094
12.9200000000 0.0000000093
12.9300000000 0.0000000091
12.9400000000 0.0000000090
12.9500000000 0.0000000089
12.9600000000 0.0000000088
12.9700000000 0.0000000087
12.9800000000 0.0000000085
12.9900000000 0.0000000084
13.0000000000 0.0000000083
13.0100000000 0.0000000082
13.0200000000 0.0000000081
13.0300000000 0.0000000080
13.0400000000 0.0000000078
13.0500000000 0.0000000077
13.0600000000 0.0000000076
13.0700000000 0.0000000075
13.0800000000 0.0000000074
13.0900000000 0.0000000073
13.1000000000 0.0000000072
13.1100000000 0.0000000071
13.1200000000 0.0000000069
13.1300000000 0.0000000068
13.1400000000 0.0000000067
13.1500000000 0.0000000066
13.1600000000 0.0000000065
13.1700000000 0.0000000064
13.1800000000 0.0000000063
13.1900000000 0.0000000062
13.2000000000 0.0000000061
13.2100000000 0.0000000060
13.2200000000 0.0000000059
13.2300000000 0.0000000058
13.2400000000 0.0000000056
13.2500000000 0.0000000055
13.2600000000 0.0000000054
13.2700000000 0.0000000053
13.2800000000 0.0000000052
13.2900000000 0.0000000051
13.3000000000 0.0000000050
13.3100000000 0.0000000049
13.3200000000 0.0000000048
13.3300000000 0.0000000047
13.3400000000 0.0000000046
13.3500000000 0.0000000045
13.3600000000 0.0000000044
13.3700000000 0.0000000043
13.3800000000 0.0000000042
13.3900000000 0.0000000041
13.4000000000 0.0000000040
13.4100000000 0.0000000039
13.4200000000 0.0000000039
13.4300000000 0.0000000038
13.4400000000 0.0000000037
13.4500000000 0.0000000036
13.4600000000 0.0000000036
13.4700000000 0.0000000035
13.4800000000 0.0000000035
13.4900000000 0.0000000034
13.5000000000 0.0000000034
13.5100000000 0.0000000033
13.5200000000 0.0000000033
13.5300000000 0.0000000032
13.5400000000 0.0000000032
13.5500000000 0.0000000031
13.5600000000 0.0000000031
13.5700000000 0.0000000030
13.5800000000 0.0000000029
13.5900000000 0.0000000029
13.6000000000 0.0000000028
13.6100000000 0.0000000028
13.6200000000 0.0000000027
13.6300000000 0.0000000027
13.6400000000 0.0000000026
13.6500000000 0.0000000026
13.6600000000 0.0000000025
13.6700000000 0.0000000025
13.6800000000 0.0000000025
13.6900000000 0.0000000024
13.7000000000 0.0000000024
13.7100000000 0.0000000024
13.7200000000 0.0000000024
13.7300000000 0.0000000024
13.7400000000 0.0000000024
13.7500000000 0.0000000023
13.7600000000 0.0000000023
13.7700000000 0.0000000023
13.7800000000 0.0000000023
13.7900000000 0.0000000022
13.8000000000 0.0000000022
13.8100000000 0.0000000022
13.8200000000 0.0000000022
13.8300000000 0.0000000021
13.8400000000 0.0000000021
13.8500000000 0.0000000021
13.8600000000 0.0000000021
13.8700000000 0.0000000020
13.8800000000 0.0000000020
13.8900000000 0.0000000020
13.9000000000 0.0000000020
13.9100000000 0.0000000020
13.9200000000 0.0000000019
13.9300000000 0.0000000019
13.9400000000 0.0000000019
13.9500000000 0.0000000019
13.9600000000 0.0000000019
13.9700000000 0.0000000018
13.9800000000 0.0000000018
13.9900000000 0.0000000018
14.0000000000 0.0000000018
14.0100000000 0.0000000018
14.0200000000 0.0000000017
14.0300000000 0.0000000017
14.0400000000 0.0000000017
14.0500000000 0.0000000017
14.0600000000 0.0000000017
14.0700000000 0.0000000016
14.0800000000 0.0000000016
14.0900000000 0.0000000016
14.1000000000 0.0000000016
14.1100000000 0.0000000016
14.1200000000 0.0000000015
14.1300000000 0.0000000015
14.1400000000 0.0000000015
14.1500000000 0.0000000015
14.1600000000 0.0000000015
14.1700000000 0.0000000015
14.1800000000 0.0000000014
14.1900000000 0.0000000014
14.2000000000 0.0000000014
14.2100000000 0.0000000014
14.2200000000 0.0000000014
14.2300000000 0.0000000013
14.2400000000 0.0000000013
14.2500000000 0.0000000013
14.2600000000 0.0000000013
14.2700000000 0.0000000013
14.2800000000 0.0000000013
14.2900000000 0.0000000012
14.3000000000 0.0000000012
14.3100000000 0.0000000012
14.3200000000 0.0000000012
14.3300000000 0.0000000012
14.3400000000 0.0000000011
14.3500000000 0.0000000011
14.3600000000 0.0000000011
14.3700000000 0.0000000011
14.3800000000 0.0000000011
14.3900000000 0.0000000011
14.4000000000 0.0000000010
14.4100000000 0.0000000010
14.4200000000 0.0000000010
14.4300000000 0.0000000010
14.4400000000 0.0000000010
14.4500000000 0.0000000010
14.4600000000 0.0000000009
14.4700000000 0.0000000009
14.4800000000 0.0000000009
14.4900000000 0.0000000009
14.5000000000 0.0000000009
14.5100000000 0.0000000008
14.5200000000 0.0000000008
14.5300000000 0.0000000008
14.5400000000 0.0000000008
14.5500000000 0.0000000008
14.5600000000 0.0000000007
14.5700000000 0.0000000007
14.5800000000 0.0000000007
14.5900000000 0.0000000007
14.6000000000 0.0000000007
14.6100000000 0.0000000007
14.6200000000 0.0000000007
14.6300000000 0.0000000007
14.6400000000 0.0000000007
14.6500000000 0.0000000006
14.6600000000 0.0000000006
14.6700000000 0.0000000006
14.6800000000 0.0000000006
14.6900000000 0.0000000006
14.7000000000 0.0000000006
14.7100000000 0.0000000006
14.7200000000 0.0000000006
14.7300000000 0.0000000005
14.7400000000 0.0000000005
14.7500000000 0.0000000005
14.7600000000 0.0000000005
14.7700000000 0.0000000005
14.7800000000 0.0000000005
14.7900000000 0.0000000005
14.8000000000 0.0000000005
14.8100000000 0.0000000005
14.8200000000 0.0000000005
14.8300000000 0.0000000004
14.8400000000 0.0000000004
14.8500000000 0.0000000004
14.8600000000 0.0000000004
14.8700000000 0.0000000004
14.8800000000 0.0000000004
14.8900000000 0.0000000004
14.9000000000 0.0000000004
14.9100000000 0.0000000004
14.9200000000 0.0000000004
14.9300000000 0.0000000003
14.9400000000 0.0000000003
14.9500000000 0.0000000003
14.9600000000 0.0000000003
14.9700000000 0.0000000003
14.9800000000 0.0000000003
14.9900000000 0.0000000003
15.0000000000 0.0000000003
15.0100000000 0.0000000002
15.0200000000 0.0000000002
15.0300000000 0.0000000002
15.0400000000 0.0000000002
15.0500000000 0.0000000002
15.0600000000 0.0000000002
15.0700000000 0.0000000001
15.0800000000 0.0000000001
15.0900000000 0.0000000001
15.1000000000 0.0000000001
15.1100000000 0.0000000001
15.1200000000 0.0000000001
15.1300000000 0.0000000000
15.1400000000 0.0000000000
15.1500000000 0.0000000000
15.1600000000 0.0000000000
15.1700000000 0.0000000000
15.1800000000 -0.0000000000
15.1900000000 -0.0000000000
15.2000000000 -0.0000000000
15.2100000000 0.0000000000
15.2200000000 0.0000000000
15.2300000000 0.0000000000
15.2400000000 0.0000000000
15.2500000000 0.0000000000
15.2600000000 0.0000000000
15.2700000000 0.0000000000
15.2800000000 0.0000000000
15.2900000000 0.0000000000
15.3000000000 0.0000000000
15.3100000000 0.0000000000
15.3200000000 0.0000000000
15.3300000000 0.0000000000
15.3400000000 0.0000000000
15.3500000000 0.0000000000
15.3600000000 0.0000000000
15.3700000000 0.0000000000
15.3800000000 0.0000000000
15.3900000000 0.0000000000
15.4000000000 0.0000000000
15.4100000000 0.0000000000
15.4200000000 0.0000000000
15.4300000000 0.0000000000
15.4400000000 0.0000000000
15.4500000000 0.0000000000
15.4600000000 0.0000000000
15.4700000000 0.0000000000
15.4800000000 0.0000000000
15.4900000000 0.0000000000
15.5000000000 0.0000000000
15.5100000000 0.0000000000
15.5200000000 0.0000000000
15.5300000000 0.0000000000
15.5400000000 0.0000000000
15.5500000000 0.0000000000
15.5600000000 0.0000000000
15.5700000000 0.0000000000
15.5800000000 0.0000000000
15.5900000000 0.0000000000
15.6000000000 0.0000000000
15.6100000000 0.0000000000
15.6200000000 0.0000000000
15.6300000000 0.0000000000
15.6400000000 0.0000000000
15.6500000000 0.0000000000
15.6600000000 0.0000000000
15.6700000000 0.0000000000
15.6800000000 0.0000000000
15.6900000000 0.0000000000
15.7000000000 0.0000000000
15.7100000000 0.0000000000
15.7200000000 0.0000000000
15.7300000000 0.0000000000
15.7400000000 0.0000000000
15.7500000000 0.0000000000
15.7600000000 0.0000000000
15.7700000000 0.0000000000
15.7800000000 0.0000000000
15.7900000000 0.0000000000
15.8000000000 0.0000000000
15.8100000000 0.0000000000
15.8200000000 0.0000000000
15.8300000000 0.0000000000
15.8400000000 0.0000000000
15.8500000000 0.0000000000
15.8600000000 0.0000000000
15.8700000000 0.0000000000
15.8800000000 0.0000000000
15.8900000000 0.0000000000
15.9000000000 0.0000000000
15.9100000000 0.0000000000
15.9200000000 0.0000000000
15.9300000000 0.0000000000
15.9400000000 0.0000000000
15.9500000000 0.0000000000
15.9600000000 0.0000000000
15.9700000000 0.0000000000
15.9800000000 0.0000000000
15.9900000000 0.0000000000
16.0000000000 0.0000000000
16.0100000000 0.0000000000
16.0200000000 0.0000000000
16.0300000000 0.0000000000
16.0400000000 0.0000000000
16.0500000000 0.0000000000
16.0600000000 0.0000000000
16.0700000000 0.0000000000
16.0800000000 0.0000000000
16.0900000000 0.0000000000
16.1000000000 0.0000000000
16.1100000000 0.0000000000
16.1200000000 0.0000000000
16.1300000000 0.0000000000
16.1400000000 0.0000000000
16.1500000000 0.0000000000
16.1600000000 0.0000000000
16.1700000000 0.0000000000
16.1800000000 0.0000000000
16.1900000000 0.0000000000
16.2000000000 0.0000000000
16.2100000000 0.0000000000
16.2200000000 0.0000000000
16.2300000000 0.0000000000
16.2400000000 0.0000000000
16.2500000000 0.0000000000
16.2600000000 0.0000000000
16.2700000000 0.0000000000
16.2800000000 0.0000000000
16.2900000000 0.0000000000
16.3000000000 0.0000000000
16.3100000000 0.0000000000
16.3200000000 0.0000000000
16.3300000000 0.0000000000
16.3400000000 0.0000000000
16.3500000000 -0.0000000000
16.3600000000 -0.0000000000
16.3700000000 -0.0000000000
16.3800000000 -0.0000000000
16.3900000000 -0.0000000000
16.4000000000 -0.0000000000
16.4100000000 -0.0000000000
16.4200000000 -0.0000000000
16.4300000000 -0.0000000000
16.4400000000 -0.0000000000
16.4500000000 -0.0000000000
16.4600000000 0.0000000000
16.4700000000 0.0000000000
16.4800000000 0.0000000000
16.4900000000 0.0000000000
16.5000000000 0.0000000000
16.5100000000 0.0000000000
16.5200000000 0.0000000000
16.5300000000 0.0000000000
16.5400000000 0.0000000000
16.5500000000 -0.0000000000
16.5600000000 -0.0000000000
16.5700000000 -0.0000000000
16.5800000000 -0.0000000000
16.5900000000 -0.0000000000
16.6000000000 -0.0000000000
16.6100000000 -0.0000000000
16.6200000000 -0.0000000000
16.6300000000 -0.0000000000
16.6400000000 -0.0000000000
16.6500000000 -0.0000000000
16.6600000000 0.0000000000
16.6700000000 0.0000000000
16.6800000000 0.0000000000
16.6900000000 0.0000000000
16.7000000000 0.0000000000
16.7100000000 0.0000000000
16.7200000000 0.0000000000
16.7300000000 0.0000000000
16.7400000000 0.0000000000
16.7500000000 0.0000000000
16.7600000000 0.0000000000
16.7700000000 0.0000000000
16.7800000000 0.0000000000
16.7900000000 0.0000000000
16.8000000000 0.0000000000
16.8100000000 0.0000000000
16.8200000000 0.0000000000
16.8300000000 0.0000000000
16.8400000000 0.0000000000
16.8500000000 0.0000000000
16.8600000000 0.0000000000
16.8700000000 0.0000000000
16.8800000000 0.0000000000
16.8900000000 0.0000000000
16.9000000000 0.0000000000
16.9100000000 0.0000000000
16.9200000000 0.0000000000
16.9300000000 0.0000000000
16.9400000000 -0.0000000000
16.9500000000 -0.0000000000
16.9600000000 -0.0000000000
16.9700000000 -0.0000000000
16.9800000000 -0.0000000000
16.9900000000 -0.0000000000
17.0000000000 -0.0000000000
17.0100000000 -0.0000000000
17.0200000000 -0.0000000000
17.0300000000 -0.0000000000
17.0400000000 -0.0000000000
17.0500000000 -0.0000000000
17.0600000000 -0.0000000000
17.0700000000 -0.0000000000
17.0800000000 -0.0000000000
17.0900000000 -0.0000000000
17.1000000000 -0.0000000000
17.1100000000 -0.0000000000
17.1200000000 -0.0000000000
17.1300000000 -0.0000000000
17.1400000000 -0.0000000000
17.1500000000 -0.0000000000
17.1600000000 -0.0000000000
17.1700000000 -0.0000000000
17.1800000000 -0.0000000000
17.1900000000 -0.0000000000
17.2000000000 -0.0000000000
17.2100000000 -0.0000000000
17.2200000000 -0.0000000000
17.2300000000 -0.0000000000
17.2400000000 -0.0000000000
17.2500000000 -0.0000000000
17.2600000000 -0.0000000000
17.2700000000 -0.0000000000
17.2800000000 -0.0000000000
17.2900000000 -0.0000000000
17.3000000000 -0.0000000000
17.3100000000 -0.0000000000
17.3200000000 -0.0000000000
17.3300000000 0.0000000000
17.3400000000 0.0000000000
17.3500000000 0.0000000000
17.3600000000 0.0000000000
17.3700000000 0.0000000000
17.3800000000 0.0000000000
17.3900000000 0.0000000000
17.4000000000 -0.0000000000
17.4100000000 -0.0000000000
17.4200000000 -0.0000000000
17.4300000000 -0.0000000000
17.4400000000 -0.0000000000
17.4500000000 -0.0000000000
17.4600000000 -0.0000000000
17.4700000000 -0.0000000000
17.4800000000 -0.0000000000
17.4900000000 -0.0000000000
17.5000000000 0.0000000000
17.5100000000 0.0000000000
17.5200000000 0.0000000000
17.5300000000 0.0000000000
17.5400000000 0.0000000000
17.5500000000 0.0000000000
17.5600000000 0.0000000000
17.5700000000 0.0000000000
17.5800000000 0.0000000000
17.5900000000 0.0000000000
17.6000000000 0.0000000000
17.6100000000 0.0000000000
17.6200000000 0.0000000000
17.6300000000 -0.0000000000
17.6400000000 -0.0000000000
17.6500000000 -0.0000000000
17.6600000000 -0.0000000000
17.6700000000 -0.0000000000
17.6800000000 -0.0000000000
17.6900000000 -0.0000000000
17.7000000000 -0.0000000000
17.7100000000 0.0000000000
17.7200000000 0.0000000000
17.7300000000 0.0000000000
17.7400000000 0.0000000000
17.7500000000 0.0000000000
17.7600000000 0.0000000000
17.7700000000 0.0000000000
17.7800000000 0.0000000000
17.7900000000 0.0000000000
17.8000000000 0.0000000000
17.8100000000 0.0000000000
17.8200000000 0.0000000000
17.8300000000 0.0000000000
17.8400000000 0.0000000000
17.8500000000 -0.0000000000
17.8600000000 -0.0000000000
17.8700000000 -0.0000000000
17.8800000000 -0.0000000000
17.8900000000 -0.0000000000
17.9000000000 0.0000000000
17.9100000000 0.0000000000
17.9200000000 0.0000000000
17.9300000000 0.0000000000
17.9400000000 0.0000000000
17.9500000000 0.0000000000
17.9600000000 0.0000000000
17.9700000000 0.0000000000
17.9800000000 -0.0000000000
17.9900000000 -0.0000000000
18.0000000000 -0.0000000000
18.0100000000 -0.0000000000
18.0200000000 -0.0000000000
18.0300000000 -0.0000000000
18.0400000000 -0.0000000000
18.0500000000 -0.0000000000
18.0600000000 -0.0000000000
18.0700000000 -0.0000000000
18.0800000000 -0.0000000000
18.0900000000 -0.0000000000
18.1000000000 -0.0000000000
18.1100000000 -0.0000000000
18.1200000000 -0.0000000000
18.1300000000 -0.0000000000
18.1400000000 -0.0000000000
18.1500000000 -0.0000000000
18.1600000000 -0.0000000000
18.1700000000 -0.0000000000
18.1800000000 -0.0000000000
18.1900000000 -0.0000000000
18.2000000000 -0.0000000000
18.2100000000 -0.0000000000
18.2200000000 -0.0000000000
18.2300000000 -0.0000000000
18.2400000000 -0.0000000000
18.2500000000 -0.0000000000
18.2600000000 -0.0000000000
18.2700000000 -0.0000000000
18.2800000000 -0.0000000000
18.2900000000 -0.0000000000
18.3000000000 -0.0000000000
18.3100000000 -0.0000000000
18.3200000000 -0.0000000000
18.3300000000 -0.0000000000
18.3400000000 -0.0000000000
18.3500000000 -0.0000000000
18.3600000000 0.0000000000
18.3700000000 0.0000000000
18.3800000000 0.0000000000
18.3900000000 0.0000000000
18.4000000000 0.0000000000
18.4100000000 0.0000000000
18.4200000000 0.0000000000
18.4300000000 0.0000000000
18.4400000000 0.0000000000
18.4500000000 0.0000000000
18.4600000000 0.0000000000
18.4700000000 0.0000000000
18.4800000000 0.0000000000
18.4900000000 0.0000000000
18.5000000000 0.0000000000
18.5100000000 0.0000000000
18.5200000000 -0.0000000000
18.5300000000 -0.0000000000
18.5400000000 -0.0000000000
18.5500000000 -0.0000000000
18.5600000000 -0.0000000000
18.5700000000 -0.0000000000
18.5800000000 -0.0000000000
18.5900000000 -0.0000000000
18.6000000000 -0.0000000000
18.6100000000 -0.0000000000
18.6200000000 -0.0000000000
18.6300000000 -0.0000000000
18.6400000000 -0.0000000000
18.6500000000 -0.0000000000
18.6600000000 -0.0000000000
18.6700000000 -0.0000000000
18.6800000000 0.0000000000
18.6900000000 0.0000000000
18.7000000000 0.0000000000
18.7100000000 0.0000000000
18.7200000000 0.0000000000
18.7300000000 0.0000000000
18.7400000000 0.0000000000
18.7500000000 0.0000000000
18.7600000000 0.0000000000
18.7700000000 0.0000000000
18.7800000000 0.0000000000
18.7900000000 0.0000000000
18.8000000000 0.0000000000
18.8100000000 0.0000000000
18.8200000000 0.0000000000
18.8300000000 0.0000000000
18.8400000000 0.0000000000
18.8500000000 0.0000000000
18.8600000000 0.0000000000
18.8700000000 0.0000000000
18.8800000000 -0.0000000000
18.8900000000 -0.0000000000
18.9000000000 -0.0000000000
18.9100000000 -0.0000000000
18.9200000000 -0.0000000000
18.9300000000 -0.0000000000
18.9400000000 -0.0000000000
18.9500000000 -0.0000000000
18.9600000000 -0.0000000000
18.9700000000 -0.0000000000
18.9800000000 -0.0000000000
18.9900000000 -0.0000000000
19.0000000000 -0.0000000000
19.0100000000 0.0000000000
19.0200000000 0.0000000000
19.0300000000 0.0000000000
19.0400000000 0.0000000000
19.0500000000 0.0000000000
19.0600000000 0.0000000000
19.0700000000 0.0000000000
19.0800000000 0.0000000000
19.0900000000 0.0000000000
19.1000000000 0.0000000000
19.1100000000 0.0000000000
19.1200000000 0.0000000000
19.1300000000 0.0000000000
19.1400000000 -0.0000000000
19.1500000000 -0.0000000000
19.1600000000 -0.0000000000
19.1700000000 -0.0000000000
19.1800000000 -0.0000000000
19.1900000000 -0.0000000000
19.2000000000 -0.0000000000
19.2100000000 0.0000000000
19.2200000000 0.0000000000
19.2300000000 0.0000000000
19.2400000000 0.0000000000
19.2500000000 0.0000000000
19.2600000000 0.0000000000
19.2700000000 0.0000000000
19.2800000000 0.0000000000
19.2900000000 -0.0000000000
19.3000000000 -0.0000000000
19.3100000000 -0.0000000000
19.3200000000 -0.0000000000
19.3300000000 -0.0000000000
19.3400000000 -0.0000000000
19.3500000000 -0.0000000000
19.3600000000 -0.0000000000
19.3700000000 -0.0000000000
19.3800000000 -0.0000000000
19.3900000000 0.0000000000
19.4000000000 0.0000000000
19.4100000000 0.0000000000
19.4200000000 0.0000000000
19.4300000000 0.0000000000
19.4400000000 0.0000000000
19.4500000000 0.0000000000
19.4600000000 0.0000000000
19.4700000000 0.0000000000
19.4800000000 0.0000000000
19.4900000000 0.0000000000
19.5000000000 0.0000000000
19.5100000000 0.0000000000
19.5200000000 -0.0000000000
19.5300000000 -0.0000000000
19.5400000000 -0.0000000000
19.5500000000 -0.0000000000
19.5600000000 -0.0000000000
19.5700000000 -0.0000000000
19.5800000000 -0.0000000000
19.5900000000 -0.0000000000
19.6000000000 -0.0000000000
19.6100000000 -0.0000000000
19.6200000000 -0.0000000000
19.6300000000 0.0000000000
19.6400000000 0.0000000000
19.6500000000 0.0000000000
19.6600000000 0.0000000000
19.6700000000 0.0000000000
19.6800000000 0.0000000000
19.6900000000 0.0000000000
19.7000000000 0.0000000000
19.7100000000 0.0000000000
19.7200000000 0.0000000000
19.7300000000 0.0000000000
19.7400000000 0.0000000000
19.7500000000 0.0000000000
19.7600000000 0.0000000000
19.7700000000 0.0000000000
19.7800000000 -0.0000000000
19.7900000000 -0.0000000000
19.8000000000 -0.0000000000
19.8100000000 -0.0000000000
19.8200000000 -0.0000000000
19.8300000000 -0.0000000000
19.8400000000 -0.0000000000
